30 100
10 15 25 17 11
28 29 30 15 12
8 20 62 29 29
20 25 27 9 7
6 21 14 12 12
28 30 34 24 21
23 24 26 19 12
29 30 9 2 0
20 26 67 16 0
6 10 5 4 4
13 15 71 66 66
4 19 33 14 1
10 29 83 47 47
12 14 62 55 52
9 11 45 27 11
6 17 69 31 29
6 11 58 16 15
17 24 66 61 57
11 12 27 6 4
4 7 89 26 13
16 28 27 14 10
3 19 59 42 36
1 24 27 6 5
10 27 94 53 14
15 30 72 15 15
6 24 76 45 43
12 13 50 34 20
19 24 38 34 34
2 5 19 7 7
3 16 76 47 20
17 23 43 38 36
8 30 12 9 6
27 28 86 68 66
24 30 62 3 0
10 17 85 73 61
12 28 65 27 21
1 19 2 2 2
12 17 94 54 25
2 12 51 47 47
5 21 15 14 14
24 25 95 54 14
6 19 57 32 7
5 26 9 8 8
22 28 36 19 15
11 15 37 35 34
21 28 56 49 46
15 21 45 28 24
1 12 11 7 3
2 22 16 14 13
18 22 67 39 14
9 23 34 32 31
9 30 21 21 21
16 30 31 20 20
22 29 21 20 20
17 27 2 1 1
12 15 96 70 58
22 26 0 0 0
10 18 41 38 38
8 21 2 1 1
3 28 6 6 6
6 20 76 35 7
17 22 75 35 20
19 20 1 1 1
7 29 80 73 68
22 27 38 31 31
2 13 93 51 25
21 30 53 47 46
14 20 37 20 11
3 6 77 31 8
25 30 26 18 14
20 22 73 47 35
20 27 61 47 45
17 19 89 76 64
26 30 95 52 11
19 26 47 44 41
16 25 56 44 33
21 25 59 47 36
18 19 71 40 31
4 6 0 0 0
19 28 87 47 13
23 26 12 3 3
1 21 31 15 14
25 26 29 19 9
19 21 83 21 14
4 17 50 42 42
2 16 17 1 0
6 29 44 37 34
4 13 68 44 32
4 29 30 12 5
12 24 68 40 30
18 23 29 9 8
20 28 55 38 38
9 15 68 54 46
18 27 21 17 13
1 27 55 14 3
21 24 51 22 17
1 23 55 47 39
16 27 15 15 15
5 16 81 48 26
4 28 7 5 4
1 55
2 50
3 73
4 95
5 34
6 151
7 45
8 21
9 29
10 78
11 50
12 130
13 69
14 18
15 80
16 89
17 121
18 63
19 162
20 137
21 90
22 89
23 34
24 143
25 89
26 93
27 91
28 116
29 55
30 132
