400 1200
278 280 35 22 11
227 262 56 13 0
129 182 86 64 52
107 194 30 28 28
229 257 62 23 16
382 395 70 55 53
273 278 78 60 60
377 400 56 20 18
80 234 86 26 5
158 371 22 8 5
339 353 85 23 15
21 348 60 19 18
184 299 22 18 16
57 199 60 34 11
11 298 71 53 44
74 99 94 81 75
366 373 0 0 0
76 186 60 44 32
214 315 35 31 31
213 353 61 54 53
192 232 37 13 6
43 244 14 3 3
248 278 8 8 8
206 310 64 24 18
207 261 71 23 21
26 140 60 50 45
124 161 67 54 42
209 327 60 47 40
209 380 83 44 12
308 362 67 40 34
316 329 45 15 4
203 377 49 10 4
86 393 26 25 25
276 373 33 10 10
388 396 17 6 5
119 288 47 21 16
177 387 95 51 38
343 389 89 86 84
251 266 92 56 44
253 376 23 9 2
240 284 57 52 52
18 93 72 53 38
249 269 57 39 27
186 273 93 79 68
233 257 15 13 13
27 349 75 50 34
106 117 16 11 8
181 186 55 37 28
341 363 23 9 1
173 252 62 59 58
17 376 31 4 3
394 398 11 3 3
260 279 83 40 5
325 368 0 0 0
348 367 31 10 6
276 283 30 8 7
8 48 57 56 56
260 333 10 3 3
16 258 75 74 73
24 238 33 18 17
301 334 28 25 23
321 340 30 26 26
183 247 41 16 5
133 267 79 58 40
137 398 6 5 5
262 279 42 26 25
147 252 15 11 10
63 198 84 48 27
275 364 49 49 49
230 287 15 7 1
163 307 72 14 6
142 335 49 38 35
82 99 59 46 43
58 154 50 43 36
181 352 10 10 10
91 285 15 5 2
305 360 21 13 8
282 328 72 54 45
124 392 89 79 73
395 398 4 2 1
102 131 64 25 11
298 384 18 12 8
96 115 26 25 25
297 398 47 38 36
43 282 91 38 18
260 334 61 56 54
107 300 28 7 1
38 392 8 7 7
299 354 42 29 26
3 29 26 12 5
231 254 27 11 6
270 392 75 56 52
164 321 41 17 8
387 393 91 71 71
307 320 55 44 39
81 235 44 38 36
130 322 34 26 23
197 389 81 74 69
331 350 85 46 26
384 387 5 1 0
351 358 87 76 75
132 392 90 59 51
259 344 7 6 6
324 367 42 19 5
53 148 86 12 12
225 318 36 16 10
369 385 76 52 39
153 376 86 31 12
156 171 71 23 19
156 294 68 35 6
396 400 94 72 60
78 158 9 7 6
256 321 61 31 14
96 362 70 38 24
349 360 95 38 34
377 389 97 64 61
290 357 4 3 3
182 346 86 78 78
201 400 11 9 8
195 379 93 59 43
265 295 11 5 2
156 252 20 12 5
293 313 89 42 24
306 317 94 31 28
302 325 74 47 37
157 335 94 40 30
124 294 23 15 10
209 266 79 42 41
286 387 61 28 11
206 267 20 10 5
357 381 66 60 55
303 320 17 8 1
130 336 17 10 10
26 367 56 51 51
395 400 45 23 12
330 353 72 63 59
223 378 55 26 2
129 183 6 1 0
129 240 66 57 49
318 321 10 4 3
42 85 61 50 40
365 367 60 28 15
115 148 28 18 15
191 341 98 30 20
133 135 67 61 57
222 347 13 7 4
306 321 87 35 25
19 372 69 29 2
251 313 0 0 0
263 318 4 1 0
317 371 19 4 0
56 169 81 37 33
209 390 61 41 33
288 349 93 92 91
109 307 33 30 28
216 265 12 7 5
19 53 36 22 19
168 349 99 67 63
376 390 13 10 9
83 87 4 4 4
94 185 96 16 13
78 133 56 31 29
270 299 92 47 27
216 388 35 6 0
30 194 42 22 19
82 104 82 61 45
286 352 46 11 5
44 388 21 20 20
31 349 99 80 68
344 369 99 94 91
257 284 45 28 22
309 316 10 9 9
11 44 62 57 54
319 349 91 84 81
175 226 16 13 12
100 221 1 0 0
233 297 3 3 3
349 368 19 9 8
179 380 5 2 1
130 187 100 39 18
266 372 60 40 38
167 309 36 11 6
298 338 23 21 20
278 365 63 60 59
4 170 13 2 0
31 149 84 38 31
218 323 99 61 46
110 127 5 3 2
359 369 3 2 2
49 177 23 14 14
367 371 94 71 61
215 260 48 22 19
14 197 74 31 16
316 360 28 10 5
49 176 65 61 59
295 349 55 52 52
115 361 67 65 64
205 235 83 45 7
354 355 17 6 5
150 157 54 51 51
333 371 30 28 27
9 241 30 20 11
386 396 41 38 35
26 289 29 16 16
56 231 80 73 71
17 271 41 19 16
332 373 71 27 18
320 387 96 66 53
227 273 6 5 5
263 282 69 68 67
164 332 64 36 9
150 364 3 1 1
171 253 99 77 75
343 394 93 42 35
394 397 22 12 10
223 279 98 51 15
44 347 61 55 54
28 36 65 48 38
43 124 61 56 55
75 137 58 29 17
117 399 54 47 46
317 388 9 5 4
205 313 91 89 89
275 323 51 39 28
276 314 42 33 32
39 369 48 15 10
6 293 78 74 74
193 364 11 8 6
245 383 30 19 9
392 393 11 6 4
179 286 80 73 72
283 337 44 8 2
361 369 21 12 4
75 167 64 49 47
379 392 66 34 14
390 391 50 41 40
168 270 9 5 5
93 338 27 17 7
301 335 76 65 65
370 395 63 51 40
355 359 48 37 28
212 250 1 1 1
337 361 81 53 42
241 339 22 18 16
99 212 37 24 23
134 267 64 58 55
266 282 16 12 12
252 381 22 17 17
194 301 66 49 32
239 273 62 58 58
387 398 79 13 5
25 230 79 73 70
177 212 0 0 0
380 397 2 0 0
306 348 33 21 12
30 398 31 28 26
282 349 87 29 12
127 336 40 26 12
384 392 49 45 45
85 91 52 2 0
324 335 76 66 61
178 299 66 61 59
49 79 71 53 52
333 352 17 16 16
364 365 67 51 41
309 322 92 41 23
382 394 33 26 20
257 326 67 63 62
232 381 96 55 52
175 248 58 21 12
2 393 60 46 45
369 400 40 23 19
129 370 59 19 16
11 325 27 14 8
213 316 85 40 1
393 394 64 35 18
277 390 86 70 67
167 274 48 25 15
129 373 66 50 38
229 292 4 3 3
239 374 15 14 14
38 371 15 5 2
41 312 0 0 0
399 400 16 7 1
373 393 88 19 3
333 365 30 23 21
247 385 64 63 63
350 352 81 72 64
102 285 38 27 22
127 235 100 40 27
163 305 90 18 9
24 226 4 3 3
5 150 96 92 89
285 361 13 5 1
257 308 17 11 11
39 120 57 28 10
361 390 45 11 5
42 348 60 35 35
276 367 14 4 3
204 250 23 11 1
328 339 27 15 14
178 394 31 25 25
212 297 82 76 72
338 388 3 2 2
78 96 93 69 66
335 358 71 56 49
182 204 57 37 28
274 327 76 11 2
179 191 2 2 2
212 390 63 32 13
158 333 32 18 17
69 313 31 18 18
284 346 51 17 9
62 345 80 72 68
74 347 86 65 62
367 395 29 24 21
285 290 39 34 31
9 180 9 9 9
309 374 86 13 4
308 364 80 37 21
328 340 64 52 52
297 342 79 42 34
152 265 91 45 21
290 379 77 45 27
279 395 1 0 0
329 372 39 11 2
110 203 70 69 69
89 392 92 82 82
344 348 35 18 5
267 323 30 28 28
22 46 85 13 10
287 310 6 2 2
331 371 45 20 11
205 308 85 82 82
320 324 88 72 63
392 397 87 38 21
107 275 33 26 26
47 336 97 68 68
124 127 61 29 28
71 279 18 16 15
388 390 84 57 51
224 239 49 25 13
17 189 83 61 58
304 347 72 27 0
148 399 33 14 13
107 167 20 17 17
97 125 8 3 3
167 241 45 24 12
294 381 92 88 88
251 319 21 18 18
283 309 59 44 39
248 391 36 20 19
255 361 63 61 60
120 388 64 23 16
332 372 13 8 3
217 246 86 66 48
258 394 61 27 19
275 332 0 0 0
246 272 85 37 18
323 361 93 70 60
44 45 72 10 3
277 293 69 49 48
241 358 23 15 14
278 392 99 52 38
144 213 26 9 9
53 397 0 0 0
288 312 90 38 29
63 240 20 13 9
350 390 48 46 44
165 286 99 29 5
226 306 2 2 2
239 335 80 45 42
194 224 91 85 83
22 41 0 0 0
245 356 39 11 1
303 347 17 16 16
301 356 55 43 42
58 328 44 28 13
191 218 79 37 13
166 201 94 44 43
13 339 5 2 1
59 170 88 41 4
309 343 96 44 41
121 367 97 90 89
260 386 90 57 28
374 397 0 0 0
109 229 32 13 0
74 288 55 25 24
57 216 29 3 2
137 306 63 27 0
159 165 63 15 12
296 311 36 30 29
362 366 56 52 48
396 398 44 41 40
219 386 71 19 10
372 392 74 66 61
180 193 24 21 20
71 112 83 44 17
333 366 76 69 68
392 395 6 3 2
88 273 82 57 48
305 353 92 54 19
260 364 13 11 9
23 73 11 3 3
227 268 41 15 8
3 368 44 21 3
62 90 65 50 48
100 199 47 24 20
139 195 8 4 3
62 130 65 36 23
207 353 24 17 12
82 316 72 71 71
361 378 68 36 4
97 329 16 16 16
31 297 89 55 30
394 400 97 73 67
229 324 77 67 67
381 384 12 12 12
327 336 29 16 16
212 294 12 6 6
135 362 0 0 0
381 383 68 26 13
154 359 80 11 2
64 116 73 72 71
264 274 93 90 88
78 382 41 15 3
84 327 44 41 39
373 390 52 45 42
333 348 81 56 38
249 361 67 61 59
346 389 1 0 0
136 156 59 41 26
166 325 1 0 0
331 379 23 23 23
141 184 12 7 3
329 347 80 68 63
115 349 93 45 25
342 386 80 40 24
80 233 20 13 7
193 263 29 19 15
303 312 72 60 55
68 91 85 60 59
270 389 64 45 43
61 218 43 23 14
185 249 42 40 39
138 322 0 0 0
366 369 57 54 51
120 144 92 58 34
256 257 83 20 17
38 164 63 56 55
213 280 85 67 59
331 369 35 23 17
395 397 73 43 42
193 359 18 14 11
286 373 21 11 11
234 250 65 45 33
35 202 88 55 51
268 369 59 55 52
284 350 65 36 15
46 259 43 28 15
142 394 5 5 5
111 329 87 66 52
184 194 32 12 0
122 151 23 1 0
94 251 53 44 38
288 398 82 48 29
160 372 30 18 7
153 383 79 37 37
384 399 16 8 8
205 253 51 20 16
240 387 7 2 2
371 389 1 1 1
221 254 66 47 44
288 309 71 67 67
289 352 68 43 25
213 270 8 4 0
252 365 73 43 27
274 288 55 41 32
35 286 95 88 84
222 343 82 52 47
160 342 15 12 9
153 162 78 68 61
49 167 50 18 18
275 344 84 84 84
285 345 78 32 13
332 397 41 25 9
30 53 87 50 14
358 368 90 38 18
158 160 74 33 27
43 367 32 23 22
214 393 23 18 14
349 363 32 8 1
98 276 21 12 6
142 297 47 31 22
143 308 58 40 39
70 91 22 18 15
357 379 56 49 46
133 137 27 16 5
378 386 65 55 54
44 277 22 19 18
81 241 58 28 11
312 395 20 16 14
346 363 82 73 67
366 389 55 13 5
301 332 38 32 29
61 175 88 63 61
337 371 94 61 40
303 346 74 45 31
281 299 72 20 16
193 313 25 17 15
51 182 51 50 50
140 282 20 4 1
388 389 11 8 5
24 335 23 6 3
364 383 45 1 1
62 257 69 64 63
312 363 20 19 19
329 363 97 83 74
216 298 69 15 13
297 396 16 13 11
46 374 79 72 71
342 372 58 14 6
267 351 6 2 1
41 177 92 64 57
102 254 28 16 16
27 147 86 44 11
201 343 31 22 18
237 310 96 46 38
139 243 83 59 42
368 373 45 41 38
369 391 38 22 21
208 295 79 70 64
62 182 83 77 77
314 326 68 38 12
333 368 66 30 5
39 239 23 10 10
312 381 71 42 16
311 357 19 12 10
126 251 38 27 18
101 140 40 34 29
44 99 49 31 16
221 250 100 99 99
170 193 71 31 28
55 129 18 9 3
209 293 47 35 28
12 123 32 30 29
228 346 52 42 38
336 381 88 49 43
81 289 67 35 25
354 361 94 64 57
286 292 21 11 10
16 155 29 11 11
375 392 67 56 56
25 188 77 45 16
375 398 78 48 45
203 328 30 20 16
250 336 46 12 10
137 234 85 65 59
266 289 80 60 59
210 340 66 45 43
325 360 29 22 17
368 379 41 39 38
102 138 90 66 66
223 269 28 25 24
102 365 63 34 25
8 17 77 76 76
362 389 51 44 43
227 368 77 38 5
306 362 31 20 13
65 315 89 87 86
357 382 82 42 31
312 334 84 41 18
21 350 8 3 0
195 260 69 37 18
308 353 67 65 65
282 342 6 2 1
145 334 37 29 29
80 93 72 32 29
255 382 10 1 0
216 288 46 2 0
191 195 51 33 24
137 182 26 19 13
389 390 78 77 77
203 306 68 64 63
341 400 78 35 23
294 310 77 35 34
36 117 55 33 20
195 236 100 73 56
77 370 35 20 19
376 399 86 48 37
103 369 47 37 27
35 360 48 25 23
357 366 12 9 6
34 204 10 5 5
349 380 96 69 59
291 317 36 19 11
307 397 26 4 4
70 306 54 22 21
235 249 77 68 68
283 286 9 8 8
350 378 84 49 20
127 277 88 35 13
52 187 34 7 6
61 353 49 40 33
283 370 13 3 3
107 273 82 58 51
301 362 81 49 37
375 387 39 38 38
12 180 68 27 14
40 244 54 46 45
16 144 5 0 0
316 343 58 39 32
168 224 85 32 10
285 324 5 5 5
157 258 44 19 14
361 377 47 21 5
206 338 13 12 12
363 395 55 24 4
310 369 96 15 14
367 396 68 53 46
211 228 16 8 7
11 167 46 40 40
204 310 13 9 6
47 342 52 20 18
150 331 75 12 10
283 348 14 9 4
100 369 16 9 8
43 228 76 60 58
363 384 63 46 37
84 238 82 66 58
3 226 17 15 14
147 363 84 28 22
354 400 51 24 18
276 277 78 21 8
155 183 30 17 15
186 245 82 59 43
373 383 99 64 34
199 279 98 92 88
95 192 2 1 1
46 111 16 14 12
71 237 8 4 0
325 345 85 31 7
41 192 17 7 1
349 397 85 38 38
269 314 53 25 18
379 380 90 43 14
35 137 2 1 1
151 209 93 28 7
8 93 71 48 42
197 232 18 8 4
49 71 91 18 3
359 376 79 42 7
28 337 70 28 24
146 257 73 73 73
42 156 99 97 97
211 336 72 35 26
93 383 50 27 25
243 293 50 37 32
221 227 100 88 83
344 356 28 26 26
320 347 71 63 57
389 397 4 4 4
293 301 37 29 24
2 294 42 23 9
159 338 100 72 63
248 323 5 5 5
208 292 1 1 1
318 323 81 80 80
294 361 17 13 12
197 287 46 26 23
238 261 94 94 94
258 283 25 7 0
317 322 64 53 45
133 351 94 74 58
43 209 58 39 20
370 383 69 59 55
334 384 64 43 32
41 388 62 59 59
298 347 28 24 21
18 214 68 0 0
156 392 50 41 35
323 342 84 40 38
263 284 28 12 7
208 327 42 28 27
347 371 94 42 39
161 329 28 3 2
98 145 10 2 1
369 377 39 35 31
20 67 6 6 6
115 139 60 56 53
7 306 31 18 5
211 232 28 26 24
194 324 20 12 9
172 253 79 12 7
28 249 7 7 7
158 220 39 23 10
379 396 59 52 46
246 306 38 20 17
235 246 7 1 0
241 247 47 39 32
38 173 79 24 14
160 235 32 22 22
334 380 71 59 55
297 335 5 2 0
223 241 60 31 28
39 282 100 24 22
48 275 12 10 9
250 312 33 29 25
229 261 99 80 80
194 384 43 22 7
49 90 87 43 39
33 185 88 52 30
80 173 47 23 6
24 327 37 34 34
218 231 81 36 3
357 368 52 28 6
29 396 73 36 22
193 397 23 22 22
90 191 92 37 33
320 340 95 19 15
331 383 78 45 13
101 362 38 26 15
385 388 34 29 26
224 301 79 46 41
371 376 0 0 0
363 371 28 27 26
46 162 18 18 18
9 10 99 99 99
264 270 62 51 40
51 207 4 1 0
243 279 1 0 0
25 122 100 84 70
232 307 51 45 44
266 277 3 1 0
17 130 69 67 65
316 359 4 1 1
53 72 89 48 47
2 26 0 0 0
356 386 47 38 32
62 223 5 4 3
333 364 20 20 20
124 342 48 20 4
15 67 79 66 61
398 400 68 54 46
166 330 24 3 0
50 184 76 19 16
18 350 95 46 39
70 348 84 44 13
103 178 57 40 28
36 367 84 62 49
289 398 69 37 17
152 313 17 3 1
239 386 50 47 47
62 70 29 10 7
30 294 75 45 44
326 381 3 2 1
57 291 69 37 21
346 394 1 0 0
38 336 44 8 0
102 160 12 8 5
330 384 58 44 32
357 362 53 24 2
333 374 48 46 46
235 358 30 22 19
139 162 92 57 54
345 358 72 37 36
215 312 55 40 38
34 152 23 21 21
37 176 97 43 18
306 396 50 43 39
349 383 87 79 76
106 246 55 55 55
165 305 27 19 16
191 215 89 53 44
108 202 34 17 8
322 377 22 21 21
162 240 14 6 3
15 181 83 64 63
155 337 56 37 18
18 329 11 4 4
308 338 53 26 8
266 379 63 21 9
160 205 67 29 15
117 290 26 23 22
23 183 60 37 31
119 267 67 49 35
256 362 77 31 14
304 341 7 4 2
29 197 78 46 44
334 337 80 64 64
323 393 1 1 1
253 398 96 16 16
216 306 61 58 57
169 296 93 57 49
237 278 82 78 75
39 180 89 25 24
386 399 17 7 4
332 383 48 30 29
233 331 84 81 80
181 395 6 3 3
67 97 24 7 5
242 336 38 18 18
280 347 27 26 25
262 331 63 46 38
10 342 55 47 43
388 400 18 13 8
109 188 88 63 60
139 225 6 4 3
238 364 69 23 7
145 380 71 33 11
87 127 92 58 48
163 228 33 19 11
189 220 59 20 17
45 345 78 44 36
94 341 6 2 2
330 396 22 20 20
17 87 94 88 85
109 369 57 39 26
182 386 6 4 2
8 163 52 29 29
11 173 19 10 2
36 258 38 21 6
275 328 38 6 6
267 347 67 33 7
87 143 98 69 42
363 370 49 21 2
38 354 51 38 38
82 102 79 63 63
327 350 90 27 18
136 331 33 9 6
231 309 46 33 25
280 350 26 20 17
271 373 59 49 45
153 350 42 36 32
320 363 99 78 75
53 394 88 88 88
271 285 43 13 5
380 399 59 37 20
296 303 2 2 2
358 373 40 40 40
335 339 12 3 1
219 223 50 31 30
211 313 72 42 42
102 182 47 39 31
109 180 76 52 39
212 217 99 70 69
395 396 67 45 24
102 290 85 17 7
272 300 60 60 60
169 193 98 98 98
249 292 43 32 26
133 232 88 68 49
171 353 31 15 13
221 351 60 37 32
293 315 83 54 44
124 179 20 12 12
208 258 63 63 63
32 148 73 57 44
375 378 40 24 16
17 283 50 46 43
37 136 91 77 74
307 313 6 4 2
181 280 78 52 50
176 350 93 16 14
9 226 82 70 68
101 292 13 10 9
281 359 36 31 28
258 388 39 19 14
144 343 81 57 57
71 154 0 0 0
8 373 76 67 67
355 392 8 4 3
77 194 62 29 0
278 344 10 2 1
157 294 69 20 2
212 383 34 11 10
254 276 46 27 8
209 303 55 30 19
283 307 60 32 12
35 329 91 86 85
70 218 37 31 27
148 298 10 0 0
371 397 28 18 8
106 124 41 41 41
267 400 10 7 7
197 225 100 72 61
154 249 57 32 9
310 324 30 29 29
65 118 31 28 28
217 223 22 17 15
76 97 98 36 27
252 393 0 0 0
57 189 11 6 5
279 334 30 14 1
277 358 53 20 3
366 392 70 58 57
372 394 31 27 24
290 399 47 26 22
214 259 16 10 10
377 393 89 77 68
253 357 54 42 33
216 398 63 53 53
295 367 36 3 2
72 260 11 10 10
269 328 3 3 3
352 357 13 13 13
273 372 87 45 22
79 312 12 7 7
124 244 96 56 16
350 361 75 73 71
183 191 94 82 81
303 333 33 28 23
61 368 54 28 2
310 319 55 29 16
126 198 12 2 2
233 372 77 77 77
276 302 28 13 7
64 241 100 68 43
198 361 11 5 1
231 394 58 30 3
256 267 31 21 21
280 295 82 47 22
297 300 12 12 12
332 360 29 8 3
25 117 65 28 9
180 277 65 43 25
220 389 100 80 64
352 365 71 59 55
334 398 88 49 45
361 392 48 22 1
270 370 72 66 65
278 339 31 31 31
341 366 6 4 3
135 159 45 41 37
10 220 2 1 1
145 397 23 9 0
230 351 47 24 15
335 373 32 27 27
8 211 59 20 9
231 396 46 22 18
190 278 78 45 32
40 399 80 46 14
211 396 23 16 9
262 296 63 44 29
360 365 89 59 49
210 385 70 18 12
221 323 30 11 6
163 376 14 9 9
388 393 69 69 69
156 176 0 0 0
223 273 86 57 50
289 306 75 67 61
22 73 1 0 0
169 277 31 15 7
88 386 15 11 11
282 366 25 15 14
302 364 74 19 5
59 229 43 38 35
157 381 46 5 4
84 231 68 28 20
64 310 75 75 75
348 399 24 10 6
314 358 74 34 27
59 164 90 44 44
224 382 72 30 15
376 383 90 24 21
243 245 2 2 2
209 247 72 45 42
311 367 46 25 5
31 37 52 47 46
18 116 17 1 1
140 244 7 5 5
56 181 59 23 12
86 137 21 9 8
73 266 12 2 1
260 390 2 1 0
29 179 74 26 18
333 359 59 40 35
295 309 75 22 16
135 248 83 55 46
165 361 3 1 1
152 271 91 64 61
365 386 5 3 1
269 385 31 30 30
69 314 73 56 51
187 318 55 42 32
378 391 7 3 0
46 149 23 14 11
397 400 10 3 3
106 369 14 4 3
84 351 57 32 28
159 170 13 11 11
17 160 92 75 74
243 250 55 19 5
176 245 7 2 0
142 395 44 34 34
379 382 67 44 37
197 388 31 6 1
263 398 41 21 11
326 332 31 20 19
181 372 79 39 18
275 366 0 0 0
324 326 11 9 9
86 356 61 55 55
111 236 32 28 25
395 399 78 64 64
90 256 24 23 23
129 270 39 24 15
103 227 50 21 14
284 300 72 39 6
28 200 87 52 40
12 351 100 96 96
297 324 44 36 29
152 396 36 7 4
195 303 0 0 0
303 382 3 3 3
376 382 26 14 3
76 322 10 4 0
334 374 59 34 28
226 270 46 29 16
378 389 41 39 39
305 325 44 30 26
31 59 57 12 8
51 283 67 28 25
340 373 63 51 50
183 348 55 53 51
94 304 59 26 24
120 269 38 21 9
127 388 39 10 9
316 348 81 41 15
325 361 34 21 11
270 335 7 7 7
367 392 44 21 11
146 304 23 18 18
127 340 35 10 8
121 154 78 21 4
104 220 43 41 39
203 351 17 4 3
354 383 26 22 18
113 292 89 71 64
151 289 26 14 13
103 308 3 2 1
235 252 28 15 8
278 396 22 9 1
348 365 97 70 61
238 352 83 36 34
390 395 20 10 8
47 229 88 39 3
370 390 87 44 33
293 319 95 81 76
341 356 47 39 33
352 361 12 3 2
64 108 15 9 8
169 264 96 85 83
285 315 16 14 14
272 334 53 49 49
191 254 87 43 36
225 366 78 41 5
276 320 16 4 3
49 220 43 25 20
62 67 36 14 13
365 393 20 19 19
298 395 3 1 1
5 284 85 56 47
80 344 39 33 31
196 296 89 52 45
27 216 49 35 35
275 315 28 14 10
101 351 14 10 7
132 339 20 6 1
123 169 7 4 4
256 383 68 37 34
196 391 10 4 0
254 383 7 3 2
50 166 44 26 18
41 353 11 5 4
253 363 51 28 8
152 371 62 33 14
52 57 62 51 45
288 313 98 89 88
58 291 6 5 4
282 363 91 89 87
366 379 28 20 12
272 377 100 49 49
389 398 74 63 60
183 255 82 24 16
179 372 73 58 44
314 390 45 43 42
9 79 57 57 57
98 226 65 10 9
83 209 80 80 80
135 212 36 5 0
277 339 68 39 19
262 273 85 79 74
173 236 4 3 3
159 242 20 17 17
245 287 79 51 23
330 367 16 8 3
358 362 3 2 2
368 374 23 21 20
229 234 40 36 35
176 392 51 24 19
364 370 10 8 6
295 306 90 34 7
38 358 18 7 5
64 227 15 2 1
245 292 96 76 57
99 178 35 15 10
67 230 16 16 16
269 289 3 1 0
264 353 29 27 27
140 393 46 35 26
35 313 54 33 29
198 211 82 64 64
77 203 64 56 50
195 261 71 26 7
389 394 50 46 43
324 373 26 18 13
119 240 36 20 4
171 390 70 34 8
15 82 3 2 1
155 247 72 16 3
264 391 12 11 11
331 366 41 35 32
56 101 48 38 31
102 357 94 63 47
254 281 8 6 5
237 260 11 11 11
349 367 58 39 38
113 120 30 13 2
161 263 65 31 22
344 375 34 25 18
153 238 99 72 69
348 384 96 29 6
252 284 66 56 47
19 162 37 17 14
2 245 2 1 1
38 280 6 5 5
152 153 96 69 50
356 364 72 64 62
57 303 84 37 34
205 247 92 39 26
72 323 60 46 44
164 386 29 4 2
66 222 40 6 3
228 304 52 7 0
291 380 47 30 30
263 293 74 53 41
80 359 0 0 0
374 382 57 18 18
103 327 46 34 31
371 386 50 34 26
315 356 72 68 68
13 197 29 26 25
278 295 62 19 11
179 284 92 48 15
201 281 75 70 68
91 250 23 15 8
337 348 75 44 35
282 322 51 26 24
398 399 62 62 62
123 242 67 52 37
269 320 68 36 32
128 251 23 10 5
107 301 55 50 49
181 201 4 1 1
96 173 17 12 8
173 313 97 40 24
294 312 98 11 9
288 315 62 36 31
35 325 78 59 41
234 301 1 0 0
72 152 66 46 46
234 366 58 52 46
33 354 12 7 7
45 266 49 27 15
270 399 4 4 4
287 361 61 50 43
206 352 90 27 10
247 263 65 2 2
199 360 38 27 26
268 399 56 51 49
319 343 11 10 10
235 344 24 9 8
172 214 10 4 4
109 148 91 89 89
26 149 89 77 69
218 235 18 8 3
385 395 25 19 17
63 234 37 36 36
311 362 46 14 4
289 308 81 52 41
251 324 24 5 3
217 362 74 5 0
268 350 88 22 15
245 267 36 25 22
232 297 1 1 1
174 363 35 22 15
346 352 5 1 0
358 392 31 21 20
1 0
2 25
3 32
4 6
5 21
6 2
7 13
8 56
9 16
10 6
11 38
12 28
13 3
14 28
15 19
16 12
17 58
18 89
19 51
20 0
21 24
22 39
23 20
24 21
25 77
26 26
27 63
28 62
29 81
30 66
31 95
32 14
33 30
34 3
35 69
36 64
37 47
38 79
39 122
40 37
41 31
42 25
43 78
44 59
45 75
46 63
47 70
48 2
49 112
50 47
51 22
52 22
53 101
54 0
55 7
56 60
57 95
58 23
59 95
60 0
61 61
62 66
63 33
64 40
65 2
66 17
67 30
68 13
69 16
70 70
71 77
72 43
73 9
74 36
75 29
76 56
77 46
78 45
79 12
80 94
81 48
82 36
83 0
84 48
85 36
86 9
87 55
88 20
89 4
90 57
91 57
92 0
93 78
94 68
95 0
96 40
97 45
98 38
99 52
100 19
101 31
102 146
103 48
104 20
105 0
106 8
107 39
108 17
109 67
110 1
111 22
112 33
113 27
114 0
115 47
116 8
117 55
118 1
119 49
120 107
121 41
122 25
123 17
124 115
125 2
126 13
127 155
128 9
129 85
130 72
131 28
132 29
133 85
134 4
135 42
136 37
137 89
138 10
139 46
140 33
141 4
142 24
143 36
144 50
145 49
146 2
147 70
148 73
149 45
150 34
151 61
152 131
153 105
154 110
155 70
156 88
157 106
158 57
159 50
160 81
161 46
162 43
163 97
164 83
165 77
166 55
167 74
168 52
169 65
170 72
171 74
172 35
173 101
174 9
175 41
176 101
177 54
178 32
179 93
180 103
181 89
182 55
183 84
184 50
185 69
186 58
187 66
188 44
189 35
190 23
191 172
192 25
193 38
194 104
195 118
196 27
197 104
198 47
199 47
200 23
201 39
202 32
203 46
204 31
205 116
206 71
207 31
208 14
209 183
210 41
211 82
212 88
213 72
214 39
215 46
216 99
217 73
218 126
219 41
220 67
221 46
222 40
223 117
224 106
225 71
226 53
227 112
228 56
229 102
230 28
231 130
232 69
233 9
234 78
235 122
236 25
237 36
238 87
239 48
240 39
241 112
242 25
243 54
244 51
245 105
246 63
247 137
248 52
249 57
250 83
251 63
252 57
253 139
254 68
255 44
256 114
257 76
258 78
259 17
260 119
261 64
262 68
263 101
264 21
265 41
266 121
267 93
268 61
269 69
270 102
271 53
272 55
273 111
274 72
275 42
276 107
277 180
278 115
279 111
280 76
281 39
282 161
283 109
284 169
285 77
286 111
287 57
288 151
289 116
290 79
291 43
292 48
293 114
294 182
295 152
296 64
297 85
298 55
299 76
300 45
301 86
302 62
303 87
304 83
305 98
306 210
307 85
308 105
309 164
310 139
311 48
312 159
313 124
314 85
315 49
316 119
317 69
318 31
319 35
320 133
321 75
322 68
323 93
324 76
325 114
326 38
327 108
328 66
329 95
330 40
331 153
332 106
333 89
334 129
335 103
336 134
337 140
338 53
339 84
340 81
341 85
342 144
343 105
344 45
345 114
346 62
347 133
348 259
349 242
350 254
351 85
352 129
353 111
354 66
355 17
356 52
357 125
358 138
359 109
360 111
361 207
362 203
363 185
364 140
365 129
366 106
367 190
368 181
369 161
370 109
371 156
372 196
373 168
374 85
375 42
376 181
377 124
378 113
379 176
380 164
381 133
382 137
383 256
384 116
385 56
386 140
387 127
388 120
389 99
390 165
391 30
392 230
393 111
394 139
395 131
396 150
397 130
398 225
399 139
400 155
