1000 5000
150 584 23 22 22
40 812 82 31 25
455 509 12 5 5
909 981 8 6 6
483 588 42 33 31
132 263 19 11 11
697 757 35 25 18
878 888 83 71 59
729 884 46 42 39
544 952 42 31 31
292 774 36 34 33
605 668 28 24 21
180 358 42 26 26
69 213 6 5 5
178 645 81 56 55
265 792 33 13 8
329 343 79 33 4
727 940 40 22 14
981 999 43 25 24
40 837 73 44 30
363 501 72 25 14
681 808 79 69 67
880 949 29 24 24
817 866 25 21 21
70 946 92 21 18
231 463 12 8 5
36 213 53 15 4
298 648 38 8 7
208 573 6 5 5
217 932 7 2 2
678 899 4 3 3
101 525 31 26 26
240 658 40 28 17
413 841 67 33 17
624 768 94 42 35
608 941 77 29 16
136 978 71 37 16
190 242 56 29 26
63 257 36 18 7
574 873 99 53 53
572 740 48 37 31
923 941 31 28 28
536 609 94 77 61
371 792 23 12 6
355 682 8 0 0
452 453 47 17 16
41 392 99 99 99
825 862 6 5 5
111 372 7 6 5
500 889 47 12 3
525 784 87 78 77
510 967 39 34 31
133 750 53 27 24
397 659 22 20 19
738 944 10 8 7
41 228 40 22 4
187 805 82 53 51
356 453 33 22 19
811 980 78 46 28
584 856 4 2 0
112 349 34 2 1
337 608 94 77 73
466 637 82 62 62
486 657 39 20 11
387 611 92 76 75
561 924 35 14 13
164 598 14 10 9
443 740 63 27 25
821 883 22 11 11
713 819 21 5 4
717 743 99 52 38
471 835 17 6 1
517 583 62 25 22
208 890 97 56 30
934 975 73 38 22
166 434 59 31 29
786 941 12 2 1
504 517 31 16 13
846 863 25 11 6
942 954 7 4 2
834 917 99 55 38
105 835 36 26 25
846 851 45 25 24
410 439 65 59 58
660 810 6 2 1
565 637 50 16 6
309 470 9 6 3
946 992 85 81 80
233 908 98 62 35
447 880 96 72 66
594 858 68 19 7
498 501 10 3 2
229 314 85 19 13
523 754 85 39 35
798 970 41 40 40
485 872 20 4 3
326 951 94 56 54
367 894 23 21 21
190 699 98 81 68
209 725 46 37 36
422 861 84 61 45
276 383 2 1 0
213 505 75 48 25
644 947 12 7 7
909 968 15 10 7
872 874 49 20 10
246 948 48 43 43
603 923 61 23 15
502 606 97 56 17
410 921 47 24 22
474 999 56 28 25
534 908 77 13 10
979 999 19 8 1
105 825 97 93 93
583 716 91 13 10
312 830 67 57 53
150 398 89 89 89
361 886 41 26 23
146 201 7 4 2
874 908 7 5 5
592 913 68 50 39
520 694 36 19 17
363 598 2 1 1
903 957 31 19 17
615 683 9 7 5
14 934 10 10 10
230 387 1 0 0
254 638 20 16 12
772 973 39 33 33
921 945 49 32 16
670 830 82 47 13
593 652 15 10 10
517 562 62 57 57
939 989 44 37 37
423 622 42 21 20
819 888 55 23 8
622 897 8 4 3
224 249 44 31 28
304 625 70 40 33
548 733 15 4 3
516 802 67 53 47
644 765 36 11 8
114 550 10 9 9
250 319 31 19 14
290 468 45 24 13
273 698 97 49 37
524 769 25 23 21
606 710 15 7 2
336 699 8 5 3
311 507 51 25 13
604 915 27 8 7
6 94 73 41 31
895 933 84 79 79
374 744 39 30 29
465 845 74 34 27
702 916 51 47 46
903 975 6 1 0
854 878 86 40 16
806 866 50 39 33
40 449 34 34 34
30 914 24 20 19
897 942 98 21 14
823 973 4 4 4
265 382 39 38 38
534 833 68 15 0
458 869 89 70 53
859 974 69 45 44
863 913 12 4 0
91 265 72 25 20
758 815 22 20 18
545 869 6 5 5
836 899 9 5 5
736 880 30 24 20
408 820 8 2 2
897 939 34 20 6
925 968 55 55 55
611 819 18 15 13
352 432 73 26 24
138 204 39 11 0
734 831 78 67 60
408 710 35 18 2
107 171 97 46 37
330 858 97 51 25
119 731 20 16 14
743 765 71 50 29
262 663 83 80 78
421 848 74 33 33
118 712 1 1 1
808 916 81 44 30
560 649 60 33 19
312 438 79 73 67
707 905 100 92 92
32 533 96 46 37
353 524 64 41 31
355 471 49 46 43
269 991 18 16 15
597 651 88 50 47
761 879 99 73 58
435 483 33 29 28
75 849 86 73 73
575 876 37 33 32
96 454 58 51 50
795 901 68 32 1
370 701 15 6 3
772 782 97 72 53
250 676 4 0 0
702 854 51 48 45
277 1000 48 33 31
414 943 17 16 16
766 817 47 36 33
104 694 23 13 10
314 586 90 26 15
854 874 13 9 8
589 883 90 79 79
13 323 54 40 39
268 577 95 25 20
800 932 65 27 6
716 995 40 33 33
183 857 27 20 16
844 883 81 56 35
242 557 6 5 5
819 833 33 20 20
599 966 47 18 17
721 822 19 14 11
53 984 1 1 1
116 777 28 8 3
875 876 13 1 1
803 983 57 35 31
297 621 27 16 16
996 1000 0 0 0
327 628 40 22 8
420 649 56 16 4
727 862 66 47 42
502 991 74 51 50
852 911 67 17 9
662 913 10 7 6
716 739 70 63 63
235 785 55 47 42
461 909 94 10 0
354 809 96 73 72
526 986 11 7 5
150 707 16 1 1
222 621 50 36 34
509 873 40 37 37
450 600 98 75 71
354 653 33 16 6
464 722 34 29 27
591 827 3 3 3
477 534 45 42 42
7 623 22 19 18
308 753 36 12 11
599 601 80 37 29
438 787 51 22 22
894 960 32 22 14
698 982 79 34 25
863 870 49 23 6
406 408 12 3 1
728 934 88 32 13
129 767 13 13 13
609 751 68 51 35
614 646 22 22 22
496 794 33 23 23
269 293 24 18 17
791 920 43 39 35
741 931 27 17 9
259 613 10 6 5
35 666 7 1 0
869 915 92 11 1
474 646 53 39 31
723 862 55 49 44
237 544 5 5 5
344 628 72 53 45
375 696 8 4 2
135 660 51 9 8
940 967 10 8 8
544 766 81 68 66
843 926 60 23 2
195 977 52 24 16
640 810 29 20 17
365 608 32 8 4
292 294 38 25 19
23 39 84 53 23
595 974 33 6 2
222 336 85 72 68
881 945 3 1 1
576 680 75 23 20
553 951 98 95 95
969 996 89 23 19
511 609 19 3 3
755 822 22 21 21
962 967 78 68 65
872 894 36 6 5
199 984 28 15 15
318 387 95 90 86
692 726 78 49 33
916 995 97 55 42
678 731 51 28 27
623 707 9 8 8
787 959 46 43 40
149 421 34 33 33
497 626 81 49 37
324 903 50 24 16
319 834 2 1 0
294 601 19 10 7
238 627 99 79 61
675 981 99 63 40
238 933 32 24 18
594 871 46 25 19
963 969 29 4 2
916 981 92 79 66
258 950 33 18 14
254 371 55 48 41
25 219 64 22 22
304 857 88 71 55
877 894 12 5 3
342 603 39 37 37
320 691 33 27 23
73 805 55 42 29
286 855 12 4 0
881 935 18 14 12
75 819 92 18 16
20 899 34 27 20
876 938 3 2 2
424 775 44 23 12
359 360 34 18 5
207 567 41 38 38
444 827 2 0 0
422 634 33 15 12
503 984 36 31 27
82 510 83 39 16
906 945 23 7 0
704 790 95 71 56
482 858 56 49 45
378 601 85 64 62
190 907 93 48 16
237 625 35 2 0
560 876 81 80 80
68 248 68 19 12
987 993 98 22 5
418 514 21 12 11
373 505 37 34 34
240 585 96 81 69
184 415 79 64 64
545 987 91 27 3
175 836 86 4 2
397 491 41 19 16
742 832 35 29 27
842 907 82 32 19
671 896 20 13 8
59 863 89 45 41
727 921 64 50 45
999 1000 84 15 12
507 888 86 61 54
327 707 21 14 10
208 249 44 18 18
306 756 17 11 7
770 888 47 3 1
846 969 15 6 4
657 967 39 17 17
854 856 6 6 6
982 985 29 28 27
707 826 68 35 13
199 473 26 20 20
936 949 52 46 45
244 750 67 21 10
184 651 52 51 50
964 992 87 82 82
861 945 96 39 18
648 726 54 41 36
838 850 4 4 4
453 480 54 52 52
521 673 79 45 42
40 62 34 16 3
781 964 9 6 5
322 545 42 23 14
527 927 0 0 0
756 777 24 12 7
333 932 7 4 4
964 977 85 55 49
470 735 72 66 61
225 839 43 21 21
88 704 14 9 4
22 95 20 18 18
335 838 36 6 4
508 852 7 4 3
967 972 15 13 13
182 287 62 26 20
574 741 41 32 28
492 815 28 28 28
638 821 88 35 25
985 996 74 30 25
39 679 4 3 3
211 499 20 15 15
619 762 52 48 44
4 463 90 32 19
989 997 53 16 7
707 940 37 19 13
120 602 64 34 30
354 842 31 30 29
482 581 50 29 9
192 438 36 35 34
232 444 12 6 5
238 370 13 3 3
977 989 35 25 18
331 749 59 46 34
86 510 36 29 28
523 971 47 25 4
979 982 77 31 19
631 684 86 74 72
211 565 10 10 10
546 931 61 12 4
543 841 90 42 29
672 946 65 59 58
417 636 36 22 13
121 565 86 22 14
295 521 49 45 43
736 842 52 32 24
879 957 93 23 14
490 520 67 54 53
152 245 59 28 28
959 996 51 45 42
304 546 15 15 15
435 886 42 38 37
401 661 16 6 6
475 510 5 2 2
659 680 51 20 17
669 712 15 15 15
135 898 95 34 2
641 790 13 6 4
660 757 45 42 39
498 516 47 13 6
32 236 27 18 18
338 862 39 26 22
984 999 69 34 17
309 651 12 3 0
669 811 42 31 27
870 947 82 51 29
539 593 40 39 39
744 943 40 13 6
159 465 79 63 58
981 996 46 1 0
853 892 75 29 8
15 459 85 9 2
236 869 88 21 4
935 982 85 47 33
389 582 95 20 16
328 381 45 36 36
319 723 20 12 11
473 698 31 12 7
783 916 18 6 2
194 442 86 63 49
282 798 21 5 4
973 993 79 23 15
173 480 17 4 3
73 764 61 41 38
981 990 61 57 54
261 544 6 5 4
985 994 29 4 2
570 571 77 76 76
543 645 12 2 2
33 127 72 69 67
450 506 36 28 25
313 691 79 40 8
619 723 89 54 52
473 732 70 22 7
275 515 99 42 14
633 923 59 45 31
478 902 38 32 31
901 940 34 27 24
291 763 93 89 85
492 814 61 38 35
541 992 62 26 26
732 794 18 12 12
603 803 89 70 59
345 447 85 51 38
380 676 99 70 69
609 949 15 4 3
768 945 45 38 36
236 257 61 29 3
265 726 84 84 84
755 761 73 23 2
824 844 56 18 6
37 274 85 80 80
960 969 46 43 43
339 594 93 62 53
763 870 90 58 47
164 439 84 51 38
803 901 100 34 8
141 688 5 1 0
773 785 83 35 7
243 956 86 47 24
620 815 44 32 32
956 998 59 43 28
20 318 41 31 22
772 920 29 21 18
503 727 11 10 10
108 173 95 58 26
554 774 26 17 10
319 774 24 7 3
800 936 97 40 27
675 962 8 5 5
921 961 49 11 7
376 781 47 16 6
8 287 75 43 38
314 882 60 43 38
586 890 87 10 4
670 778 96 47 40
374 617 34 27 22
117 228 23 10 3
920 975 39 18 5
444 510 79 56 43
657 805 51 44 41
342 747 40 38 37
657 834 98 51 51
882 915 15 8 5
835 974 33 19 17
430 646 57 20 12
874 901 20 17 16
892 955 24 6 6
517 577 41 30 22
886 981 11 8 8
155 625 42 4 3
784 998 3 1 1
955 960 69 48 32
579 614 17 15 14
175 298 20 6 0
113 398 4 3 3
825 979 35 18 11
866 993 69 44 39
647 956 57 56 56
927 931 31 21 19
279 428 14 8 7
633 662 42 21 10
561 685 24 15 14
856 921 60 48 40
127 664 4 4 4
826 887 92 32 4
958 975 48 31 28
541 774 8 7 6
352 874 85 59 43
784 938 88 21 20
886 939 67 58 49
160 216 45 27 19
376 494 39 19 6
283 915 3 1 1
638 846 5 4 3
31 612 34 13 0
935 979 11 11 11
814 974 84 55 31
78 402 14 12 11
789 947 16 13 11
595 641 96 61 37
712 864 94 47 36
277 773 80 25 0
885 904 0 0 0
357 548 92 52 13
430 807 9 8 8
388 627 54 9 3
38 335 30 23 20
175 399 22 8 0
861 889 31 23 22
449 534 76 58 51
575 987 3 2 2
381 449 8 3 1
884 924 88 37 4
676 766 61 28 23
108 198 58 23 14
599 682 18 11 6
753 884 85 38 37
72 179 91 62 35
510 658 18 18 18
98 477 58 35 16
561 961 69 16 14
383 862 88 24 12
285 722 61 49 37
22 937 77 61 51
723 770 51 48 48
124 774 84 64 61
195 976 16 6 3
875 917 75 28 13
871 937 99 97 96
695 711 56 19 2
724 902 80 67 66
475 544 40 30 27
988 990 26 13 9
964 1000 43 26 13
235 867 99 88 77
766 783 38 4 3
886 892 27 11 3
465 558 15 13 13
303 405 33 32 31
121 747 84 75 74
451 676 52 26 10
381 940 73 58 58
741 945 84 28 25
623 815 52 48 48
107 202 31 12 9
35 861 1 1 1
523 848 79 77 75
180 565 1 1 1
419 912 58 37 19
348 848 69 33 7
28 499 5 0 0
720 998 81 73 69
691 874 35 16 8
355 783 9 4 3
250 662 96 47 39
583 773 72 12 4
70 442 25 25 25
768 980 18 8 6
318 690 2 0 0
932 962 26 26 26
798 858 86 25 20
279 627 80 64 63
53 494 39 32 30
679 865 33 29 28
67 930 15 7 5
896 918 66 15 3
119 572 25 20 20
454 555 48 8 6
861 951 65 16 7
754 757 79 61 59
988 998 47 31 18
325 973 93 14 13
3 975 21 20 20
923 963 80 58 55
513 882 34 20 9
677 914 64 60 59
505 775 72 68 65
824 836 21 16 16
824 987 72 64 58
943 975 30 10 8
37 949 78 57 42
362 421 51 49 49
808 931 79 11 11
639 880 92 39 29
872 935 27 19 12
854 926 57 31 10
87 231 80 62 59
205 212 83 40 20
383 937 50 30 15
851 856 37 27 22
3 906 85 62 54
981 994 30 19 19
73 150 76 47 45
936 996 39 14 7
168 968 95 33 31
659 878 23 10 7
667 777 42 26 19
631 730 70 31 11
564 830 7 3 1
663 999 11 5 1
635 675 3 3 3
998 999 14 9 8
992 993 94 69 67
312 575 18 17 16
912 979 47 23 20
769 906 82 34 9
83 731 10 6 6
444 761 10 7 5
655 702 28 20 19
701 953 90 44 22
97 733 19 4 3
379 748 98 75 72
971 989 30 27 24
515 905 86 76 72
171 594 8 8 8
617 954 38 23 13
950 961 71 45 38
353 590 70 24 21
302 507 55 32 14
667 700 22 5 4
27 453 71 46 31
340 694 4 1 1
315 436 39 19 19
693 925 30 25 23
514 696 11 7 6
133 624 30 28 28
902 904 17 5 0
115 555 69 47 32
445 539 77 63 57
71 441 62 15 6
147 578 87 36 21
364 382 0 0 0
283 306 5 0 0
961 984 82 42 23
194 347 23 5 2
808 895 21 7 4
291 595 92 46 22
509 921 26 18 16
801 977 79 32 23
462 633 40 20 6
223 845 19 11 10
518 607 86 64 44
911 921 22 15 15
278 802 54 30 10
54 993 28 25 22
910 968 54 27 20
300 381 24 18 16
592 842 78 46 15
444 769 22 7 3
518 800 29 27 26
512 519 75 48 45
459 753 53 29 5
586 936 39 17 17
362 686 42 19 19
957 987 64 53 45
768 815 83 48 18
696 715 18 11 8
868 880 65 59 59
864 966 58 45 32
526 827 79 47 26
418 562 40 29 24
71 477 64 40 39
293 825 77 24 22
128 482 93 27 17
120 624 68 8 5
504 848 47 33 29
96 343 8 3 3
10 226 71 64 58
690 727 48 23 8
324 848 63 30 30
868 992 47 34 26
745 913 13 5 3
380 451 11 7 5
854 860 34 17 16
164 607 62 4 0
663 864 70 40 19
10 507 19 18 18
943 988 54 45 39
591 621 91 83 83
879 920 29 28 28
576 713 32 30 30
900 935 43 39 38
81 705 97 26 14
609 906 68 62 61
281 820 61 46 45
123 237 1 0 0
977 993 93 56 48
821 924 90 87 87
223 475 61 36 16
200 884 9 1 0
777 797 85 79 77
156 363 68 38 8
21 199 49 30 30
600 999 89 62 51
989 1000 18 9 7
173 381 75 62 56
16 782 8 6 6
582 840 25 18 15
813 881 56 32 28
192 453 52 19 6
582 681 38 12 5
975 984 68 59 54
90 983 89 64 55
445 576 60 51 48
896 929 26 18 16
902 912 40 26 26
176 859 51 24 18
87 801 60 53 53
489 771 20 17 17
191 890 49 6 3
72 132 24 22 22
101 198 62 40 31
404 679 82 56 38
447 562 75 65 64
497 878 54 26 26
875 971 81 48 48
830 925 72 33 27
937 948 88 7 7
720 753 53 35 35
309 956 60 6 3
741 838 98 86 84
924 996 73 30 19
367 606 5 4 4
366 780 67 54 54
332 593 25 6 4
654 869 63 45 38
837 991 40 28 23
124 694 98 92 91
345 459 11 8 5
13 967 49 24 0
147 483 76 44 18
664 728 77 55 44
222 846 72 65 65
520 888 96 70 58
787 884 63 47 44
724 904 8 5 4
565 621 23 7 5
151 875 14 9 7
403 629 20 1 0
868 970 20 9 9
224 625 38 22 13
109 678 41 39 38
713 814 37 25 23
572 987 32 22 16
883 899 41 31 25
943 991 82 53 49
655 784 86 9 7
20 31 56 5 0
212 655 61 19 4
769 889 90 77 75
799 810 37 26 22
421 700 14 14 14
762 979 30 14 12
436 870 70 68 67
915 931 46 39 32
911 986 16 8 5
602 860 60 29 22
325 844 67 25 6
746 980 70 66 63
77 709 67 50 39
837 932 7 4 4
443 916 62 32 3
193 484 47 41 39
45 568 74 67 64
390 448 55 25 8
6 571 23 6 3
146 807 43 37 37
506 878 35 16 12
488 983 85 60 55
365 980 34 14 6
272 701 87 69 57
975 989 4 1 1
243 413 14 9 9
508 885 72 69 67
363 658 60 44 32
926 976 62 10 5
552 960 41 13 5
666 945 55 41 40
205 538 27 13 11
86 986 70 44 43
770 780 87 47 12
140 194 5 3 1
455 807 82 43 17
396 440 18 4 1
365 987 97 94 94
227 520 67 46 43
464 853 59 57 56
79 300 65 38 24
909 916 4 3 2
259 322 22 22 22
508 947 41 32 29
903 993 37 12 12
386 531 77 34 18
995 1000 83 62 46
557 819 63 24 24
472 806 91 46 26
681 751 15 8 2
412 710 97 88 83
680 707 92 60 47
313 791 42 28 17
411 583 31 17 10
629 970 76 34 3
958 977 71 36 34
429 855 99 40 27
87 375 4 1 1
619 882 93 47 39
166 388 60 59 58
859 891 99 50 20
575 578 54 25 19
794 885 40 13 0
385 661 34 20 17
42 426 52 11 11
241 958 4 3 3
864 943 33 17 15
848 946 79 47 27
5 357 77 38 19
855 994 24 20 17
27 625 21 4 2
821 999 70 26 3
957 977 85 44 32
379 997 23 9 3
274 507 8 2 1
386 686 10 9 9
147 457 81 46 39
347 898 2 2 2
588 658 98 93 92
79 980 14 5 5
86 337 30 12 4
352 453 23 23 23
716 856 66 43 37
49 69 59 12 12
914 966 72 49 48
895 940 70 34 13
435 879 99 9 2
290 912 12 6 5
209 239 6 5 4
700 739 43 4 3
643 969 8 6 6
126 656 52 20 20
425 596 56 38 25
649 806 77 72 72
598 874 26 11 2
647 740 61 39 36
49 195 37 28 27
130 716 93 37 34
59 602 27 10 0
168 998 30 11 8
990 997 54 52 50
402 505 94 88 86
637 799 43 29 17
709 796 48 42 40
402 747 93 87 87
116 119 23 19 19
661 812 76 26 21
689 942 88 84 80
963 975 31 24 22
377 726 21 14 11
752 966 11 8 8
913 930 65 3 0
167 201 91 58 49
311 758 26 17 10
714 984 31 27 25
866 902 44 17 9
439 963 17 16 16
195 913 65 43 40
245 596 60 34 15
674 873 57 36 25
767 802 26 26 26
132 533 47 25 11
284 931 3 1 1
316 332 57 51 51
134 359 100 87 82
717 972 0 0 0
335 427 9 8 8
871 930 76 40 36
889 940 40 4 0
992 997 56 44 44
457 840 8 6 4
276 764 6 2 1
179 364 95 25 23
108 644 14 6 6
343 869 66 16 5
507 989 47 29 27
403 742 51 43 37
101 842 48 47 47
533 631 40 34 29
728 769 57 16 2
597 902 51 25 2
140 674 19 13 8
68 860 94 84 84
331 467 44 30 18
560 696 30 13 2
207 585 65 40 31
271 616 56 50 50
386 663 56 18 12
950 980 12 3 2
101 305 65 35 26
650 731 81 45 29
628 780 56 25 5
704 918 10 6 4
983 991 60 35 27
306 799 17 2 0
570 574 16 2 1
697 797 5 2 1
128 970 66 56 52
317 827 18 17 16
107 777 64 41 39
878 908 48 44 43
313 486 49 45 42
160 949 80 42 11
30 461 25 18 18
357 767 28 11 1
815 908 91 54 45
345 870 89 51 25
412 990 50 50 50
593 617 59 46 44
521 545 62 37 23
293 613 63 43 27
232 466 23 6 3
288 832 74 44 32
418 568 80 33 10
288 667 86 38 9
578 936 79 42 35
610 942 28 20 19
414 443 90 70 62
814 951 65 56 49
34 87 64 38 26
325 578 0 0 0
389 503 98 56 17
736 892 88 36 1
976 987 16 5 5
888 934 10 6 5
142 304 51 30 25
577 772 15 10 10
785 947 94 72 67
94 515 42 14 7
477 483 91 69 61
796 997 42 27 25
670 711 59 36 30
990 994 39 26 26
751 988 42 25 9
964 970 77 65 61
548 614 35 22 20
942 986 23 13 12
883 957 99 77 55
397 577 49 41 39
207 275 81 30 23
158 695 85 69 54
786 921 95 71 57
111 220 38 37 37
917 960 43 31 26
858 863 47 22 5
640 943 42 40 39
954 997 39 21 9
350 454 93 51 39
51 266 97 43 43
724 939 21 14 11
382 484 2 2 2
538 952 22 9 8
589 874 86 39 36
575 842 88 19 9
811 838 3 3 3
808 835 9 3 0
866 870 99 49 27
18 44 87 79 78
451 957 53 39 37
731 794 8 7 6
499 894 96 34 4
968 998 44 33 23
233 598 54 38 36
466 470 87 39 8
612 836 18 12 8
820 871 55 47 46
298 547 91 64 44
858 864 66 40 26
984 1000 5 4 4
897 962 84 47 37
186 793 47 24 15
162 858 87 62 57
991 999 42 18 5
484 831 100 91 89
160 856 32 15 11
893 912 51 9 7
813 984 65 59 58
971 977 44 21 17
583 599 85 44 23
474 830 42 33 30
817 844 1 1 1
460 795 72 15 6
16 670 74 65 56
830 939 6 3 0
504 892 79 49 25
516 642 73 47 47
562 598 63 26 20
254 514 12 12 12
399 818 48 43 43
129 954 60 43 34
355 723 7 5 5
274 358 28 15 10
420 667 71 43 33
283 701 92 57 49
600 877 84 39 5
968 970 16 0 0
996 1000 18 17 17
933 943 94 79 65
772 917 42 14 7
35 703 6 3 2
72 844 54 44 37
829 936 18 11 8
712 764 3 0 0
710 713 7 2 2
817 921 43 19 17
353 639 15 0 0
624 899 89 54 53
957 993 20 11 11
397 493 71 25 19
643 724 85 43 15
376 874 40 27 27
218 575 48 39 38
237 794 35 35 35
945 990 90 70 69
341 541 18 11 10
807 893 60 57 54
431 828 16 9 8
515 731 85 18 15
575 721 49 23 14
346 838 10 5 1
771 846 16 8 3
230 504 88 36 3
568 713 85 66 61
260 331 51 34 18
66 198 98 45 34
801 857 62 56 51
420 496 91 49 42
89 621 56 46 38
937 944 100 55 23
370 849 48 17 14
694 900 36 25 14
617 886 50 16 1
128 453 1 1 1
735 762 95 14 4
729 932 11 10 9
663 759 76 70 64
228 738 95 61 57
119 228 24 15 12
130 605 84 62 49
244 902 62 52 47
434 924 93 41 7
22 699 92 68 64
985 998 69 23 1
769 846 15 6 6
626 814 99 33 21
588 656 79 42 27
492 919 28 9 3
234 935 74 21 15
898 932 31 11 10
30 741 36 34 34
847 881 8 7 7
755 779 1 1 1
481 990 19 11 4
554 687 76 65 54
738 862 81 58 47
233 808 89 78 68
850 923 63 58 56
587 885 6 4 3
248 460 6 3 0
333 785 41 38 38
403 455 12 10 9
517 648 4 4 4
99 641 72 43 36
399 558 95 92 92
306 451 86 74 71
759 909 4 1 1
821 833 9 6 4
638 808 86 26 18
522 767 97 37 15
532 996 24 4 0
467 977 34 8 2
501 854 24 21 20
59 431 81 59 54
291 786 51 29 16
988 993 68 17 0
961 965 30 19 17
796 892 16 12 10
261 970 43 34 34
480 618 59 52 49
335 519 44 33 31
523 577 73 25 8
423 549 68 21 12
562 596 4 4 4
18 509 7 3 1
336 822 75 63 60
644 754 32 17 14
698 876 74 38 34
953 988 30 17 4
963 979 83 51 31
630 716 62 46 45
988 989 4 4 4
291 767 58 54 54
370 395 25 4 2
231 496 30 24 18
165 872 57 44 38
124 199 44 14 11
330 722 15 8 8
407 410 44 22 12
235 374 73 66 65
104 946 34 3 0
146 725 39 20 3
542 959 65 22 13
173 431 46 45 44
75 219 91 60 29
680 897 46 7 1
354 910 22 11 5
952 985 61 20 17
130 494 46 25 11
427 863 77 16 7
380 864 88 76 72
388 785 2 1 0
805 875 96 71 54
315 685 17 4 3
759 806 5 4 4
166 490 30 15 11
909 966 14 13 13
939 943 37 27 24
39 255 66 42 33
883 930 97 93 91
844 892 31 29 28
535 610 73 44 30
901 907 1 1 1
673 978 32 27 23
7 954 20 13 12
944 994 97 62 44
483 677 12 6 6
818 929 2 2 2
529 565 77 61 61
687 830 19 7 7
594 760 98 42 34
724 732 96 91 91
366 426 83 69 62
386 803 69 67 67
833 836 90 51 46
199 770 26 14 2
536 962 48 15 11
236 288 83 7 6
445 698 65 53 50
386 724 84 72 67
448 684 45 44 44
204 575 86 84 83
24 237 8 5 4
688 725 63 28 6
726 766 44 40 36
555 921 43 41 41
548 559 17 12 8
487 787 18 16 16
510 675 29 20 18
136 950 61 39 24
256 536 68 4 3
921 985 46 28 13
822 866 67 65 64
485 596 75 49 42
822 939 90 90 90
412 633 84 28 22
571 867 94 52 35
486 925 19 17 16
877 995 2 0 0
479 830 84 74 72
30 405 61 44 34
316 909 81 46 26
865 965 58 45 33
480 854 97 35 2
40 229 80 67 61
113 740 73 39 25
797 841 71 17 10
514 766 23 11 0
862 888 10 8 7
552 626 71 27 2
248 508 55 42 32
688 714 13 11 10
62 224 3 3 3
446 547 30 16 2
254 598 31 14 14
557 971 18 10 6
587 783 34 30 30
911 936 98 28 18
312 712 7 2 0
836 963 46 28 13
518 681 91 17 1
700 727 3 1 0
378 952 0 0 0
112 308 54 42 39
436 458 9 7 6
375 562 91 40 6
182 224 86 70 69
332 352 86 28 26
827 945 14 6 6
929 937 4 4 4
848 994 88 64 55
883 988 89 17 5
388 816 63 30 15
702 863 27 13 5
752 977 15 12 12
843 910 47 33 22
491 870 97 48 28
681 692 55 26 23
961 966 5 4 4
465 964 85 33 22
843 906 55 51 50
107 783 54 42 35
338 893 38 16 4
81 146 42 15 0
618 630 94 28 19
73 223 37 16 10
16 218 57 47 46
594 701 69 43 38
942 957 14 10 9
317 932 20 18 18
455 625 27 19 15
879 910 20 19 18
405 745 26 18 12
180 487 72 41 17
289 408 14 13 12
85 265 15 3 2
761 847 66 60 55
130 208 41 28 26
692 759 4 2 1
760 969 90 81 76
930 949 69 12 7
326 866 30 17 16
544 618 81 57 42
887 943 74 68 64
541 864 50 30 24
125 548 26 10 6
277 329 97 58 31
303 376 29 17 15
709 735 12 2 1
478 717 59 46 38
58 659 71 33 29
321 870 4 0 0
470 527 60 23 1
731 890 33 17 1
41 770 15 3 3
695 698 15 14 14
874 946 3 3 3
932 976 97 81 76
692 863 47 10 5
881 948 58 50 44
690 717 24 6 6
647 902 45 32 26
169 185 0 0 0
806 910 87 31 16
595 934 32 20 18
379 562 69 48 48
220 767 16 13 12
826 869 81 31 29
769 826 16 11 9
843 907 33 33 33
43 286 45 8 5
297 618 42 34 33
421 995 17 3 1
434 806 50 33 22
142 583 67 15 12
309 374 17 15 13
316 911 78 31 9
808 944 32 0 0
808 813 52 11 4
760 798 8 7 7
707 860 10 6 3
754 784 50 37 32
878 916 11 10 10
368 582 7 5 5
138 793 8 5 5
375 926 1 0 0
865 987 62 30 14
394 533 86 14 6
101 590 97 86 79
218 379 40 13 8
300 734 88 17 4
266 964 84 17 15
226 994 99 81 68
311 336 7 5 5
354 751 89 24 5
929 950 10 5 5
781 899 95 75 56
783 862 9 6 4
998 1000 66 63 62
388 585 30 28 27
753 943 93 35 0
689 796 27 8 6
696 914 45 18 16
627 945 65 16 16
103 562 61 43 28
325 650 44 22 22
604 978 31 9 7
819 907 59 56 56
122 127 63 23 14
641 959 59 13 4
210 976 53 23 22
765 966 17 8 0
54 988 36 31 29
127 463 74 56 53
253 356 19 17 16
703 967 69 55 47
227 579 16 15 14
940 949 39 23 21
982 998 32 13 1
519 577 56 56 56
625 935 83 81 81
296 537 77 64 54
656 768 45 16 9
423 914 56 23 23
291 462 98 78 71
63 479 73 45 44
215 427 7 6 6
356 774 85 50 28
95 565 61 46 35
631 794 76 34 7
840 979 95 76 71
42 222 23 20 18
500 583 65 65 65
884 934 64 49 47
533 984 56 25 15
775 997 2 2 2
544 576 87 87 87
622 959 15 14 14
260 791 25 23 22
660 772 69 69 69
727 987 87 86 86
239 703 27 13 13
277 687 7 5 4
39 556 43 36 29
948 958 88 66 61
568 645 32 30 28
931 954 17 8 3
32 402 98 85 82
46 772 78 49 49
21 655 83 19 4
466 870 42 21 8
877 981 3 1 1
71 887 92 63 61
425 606 6 6 6
779 861 7 7 7
579 781 73 14 5
633 797 76 38 27
699 872 35 33 31
713 801 12 6 6
14 151 21 11 9
622 675 9 5 5
490 687 32 8 3
744 856 79 60 58
928 988 0 0 0
22 878 60 58 57
544 761 100 39 12
47 738 88 81 81
910 972 79 63 62
331 407 88 66 62
985 990 97 37 36
687 989 77 68 59
626 729 59 27 0
988 997 74 66 60
195 828 20 14 12
222 464 62 1 0
642 984 41 13 13
213 495 89 42 20
932 954 88 53 45
298 683 53 47 43
56 606 93 73 68
757 868 58 32 11
417 780 29 18 8
279 567 50 30 29
942 997 71 30 28
625 697 36 14 11
974 982 60 41 23
293 497 38 23 17
800 969 46 40 36
699 715 20 15 15
901 949 4 0 0
463 649 19 10 2
957 988 41 23 8
386 939 6 2 2
457 895 82 60 55
465 923 7 5 4
393 757 7 2 2
82 463 100 67 55
452 537 26 6 4
521 950 10 4 2
972 981 44 17 14
519 648 79 62 50
18 755 93 10 4
584 855 59 34 31
817 842 50 35 21
995 998 10 4 1
21 437 79 41 26
815 935 44 26 25
114 771 20 19 19
822 950 93 40 38
200 982 83 62 57
813 955 68 66 65
21 270 12 4 0
51 243 47 44 41
381 404 31 24 19
720 970 28 26 25
629 695 10 7 6
740 875 31 30 30
739 794 61 39 37
34 112 16 14 13
494 837 65 45 28
645 886 68 41 15
260 953 17 11 8
363 544 57 57 57
272 638 94 11 8
395 691 47 30 28
240 726 35 2 0
325 411 71 44 37
700 940 71 28 16
968 992 81 79 79
281 984 20 5 5
772 903 33 26 25
883 928 74 61 60
51 575 66 58 58
811 927 36 27 27
59 506 59 47 39
671 837 77 29 29
468 587 16 8 4
281 595 68 19 14
436 666 37 21 5
487 841 92 78 65
700 987 65 51 45
301 564 52 29 8
517 968 62 50 41
993 994 57 41 37
592 768 93 77 67
641 685 90 69 59
604 804 64 37 28
653 880 4 3 3
546 964 51 17 0
915 955 82 64 57
165 292 81 11 10
804 847 50 37 36
724 983 82 65 52
106 704 69 47 38
36 568 51 45 45
279 687 22 17 16
356 686 72 49 45
770 776 21 18 16
722 977 37 16 1
676 863 50 26 18
810 835 1 0 0
346 831 99 20 19
343 903 13 4 2
793 880 8 7 7
423 896 72 57 46
899 980 50 33 16
913 962 44 44 44
756 887 22 9 8
498 964 97 34 23
321 881 28 12 6
835 983 85 83 81
523 653 20 18 17
427 853 17 2 0
772 847 32 15 1
558 921 17 16 15
386 701 20 7 4
744 989 75 45 35
346 775 41 9 8
429 754 96 60 29
220 315 75 43 36
487 722 19 14 14
819 840 80 16 7
882 923 14 13 12
752 876 88 67 48
12 812 20 17 15
528 704 54 31 16
68 848 79 56 46
3 832 81 56 51
256 620 66 42 34
357 397 87 62 38
848 954 70 43 25
282 992 81 58 54
450 495 20 7 4
859 935 42 19 8
540 834 44 34 32
607 765 98 60 49
390 603 23 21 20
449 597 52 20 17
118 491 34 26 21
944 973 45 44 44
60 443 80 66 66
556 665 54 33 33
545 733 17 16 15
196 964 64 48 38
432 561 2 0 0
342 928 55 28 18
493 848 59 40 24
908 995 53 5 1
893 928 12 5 4
680 925 36 24 21
845 999 32 29 29
538 921 17 6 3
688 828 82 65 64
47 156 85 57 57
845 988 32 19 18
558 894 45 42 39
176 211 16 11 11
780 910 0 0 0
88 227 23 7 3
896 913 95 52 30
992 995 87 33 27
70 737 75 33 32
675 758 48 47 47
485 540 51 29 9
247 433 14 3 2
152 675 63 57 57
913 921 51 33 18
218 640 35 27 23
100 391 0 0 0
569 862 1 1 1
751 928 82 34 26
613 620 48 41 34
435 741 97 46 39
608 657 43 29 24
599 674 34 20 7
78 209 7 6 5
185 932 86 48 37
202 748 68 42 32
932 989 78 65 64
586 739 53 37 37
171 476 56 39 29
345 611 54 40 30
431 600 79 65 57
157 645 9 3 1
536 813 35 16 10
329 729 28 16 16
8 775 53 48 43
226 945 50 30 28
223 965 3 2 1
615 771 4 4 4
718 955 39 32 28
96 922 21 20 20
446 964 46 24 23
479 634 67 46 29
777 782 39 20 13
567 744 33 17 8
116 251 88 58 35
35 534 80 74 74
889 943 67 54 47
603 617 89 67 50
431 490 91 84 78
740 898 30 15 8
767 996 83 58 43
164 848 78 39 34
713 986 45 27 17
518 660 41 35 34
521 965 51 22 20
828 887 66 53 47
581 789 88 14 9
886 956 80 47 22
15 492 25 21 17
329 630 97 85 81
406 853 97 63 52
934 996 89 17 9
942 998 42 29 27
510 816 67 49 33
18 522 8 8 8
820 942 10 8 6
581 672 10 8 8
80 332 15 14 14
198 715 19 16 15
467 499 97 47 8
910 925 37 31 28
14 683 87 24 11
550 837 20 20 20
128 471 5 5 5
28 202 44 22 14
651 729 89 58 30
729 948 45 39 35
649 771 68 41 40
499 790 12 5 0
440 646 14 2 0
412 491 70 65 63
202 483 17 13 9
670 916 61 34 18
522 744 40 34 31
462 788 79 45 14
62 272 78 35 20
75 762 58 58 58
255 679 23 19 16
572 583 81 71 70
56 993 58 51 45
53 485 56 51 48
671 754 2 2 2
808 957 42 33 33
235 371 34 31 28
154 961 39 29 26
760 972 66 45 34
835 932 48 44 44
629 910 60 28 4
2 606 14 4 2
197 438 97 31 21
724 736 13 10 8
976 986 92 87 84
284 718 61 31 16
367 755 72 47 25
74 534 77 72 67
811 860 14 7 6
383 723 68 29 15
864 975 30 16 4
752 919 73 47 32
532 592 5 2 0
463 954 48 14 4
189 550 36 7 7
957 994 55 26 15
524 796 8 4 0
254 976 37 36 36
35 200 55 26 19
490 825 38 32 27
510 690 38 5 3
374 833 15 2 2
230 525 38 21 11
265 375 19 7 0
961 971 8 6 6
140 388 52 23 16
712 929 69 25 4
462 515 80 76 74
220 765 88 43 6
552 759 49 28 22
28 859 65 38 35
709 990 53 50 47
920 997 16 16 16
706 990 49 10 5
650 709 83 69 60
56 203 42 34 30
600 862 26 21 18
123 738 32 11 10
459 778 7 2 1
485 625 71 29 9
327 711 40 20 19
555 980 97 27 27
403 754 48 36 28
17 727 19 0 0
280 341 21 12 7
953 984 49 38 37
459 463 73 3 2
328 893 53 26 8
233 671 63 43 41
859 929 74 17 14
629 857 89 76 64
776 865 35 30 25
986 995 73 32 28
243 287 74 25 21
578 583 34 19 18
653 918 38 38 38
341 582 92 55 26
289 737 68 42 27
841 940 66 30 15
776 798 68 43 18
910 962 85 15 6
809 940 53 49 49
945 981 41 16 0
405 821 71 68 65
470 525 34 17 4
284 664 6 6 6
949 977 3 2 2
532 538 24 24 24
443 622 88 48 26
681 744 93 51 51
980 994 68 45 35
77 270 43 32 32
932 934 9 8 8
222 969 86 49 15
48 319 2 1 0
425 965 25 11 7
831 926 56 25 22
459 871 84 76 76
838 921 53 26 14
201 689 99 53 41
363 593 91 38 9
238 789 33 12 0
468 808 24 17 16
583 869 79 6 6
516 876 99 60 57
546 988 11 7 6
952 969 97 90 88
134 397 96 43 39
622 934 23 11 3
589 736 35 14 10
98 821 32 23 21
922 947 92 66 63
406 721 63 51 49
794 868 30 19 18
3 347 4 2 1
352 661 82 66 65
294 486 59 35 22
395 886 69 33 20
338 672 29 25 21
665 766 35 15 4
946 971 42 19 8
126 768 87 61 61
139 492 50 31 26
61 924 84 74 70
871 896 21 14 9
213 524 2 0 0
494 925 84 72 66
679 908 83 17 11
279 861 17 7 3
921 931 72 53 50
693 975 36 18 17
444 515 91 88 86
374 944 9 5 4
698 893 79 38 0
944 977 45 21 6
30 459 92 49 6
968 981 59 53 47
730 977 4 4 4
284 620 41 18 15
28 852 51 44 37
18 141 28 17 12
573 673 17 17 17
868 912 90 62 52
786 837 59 51 48
741 807 93 50 49
700 913 60 52 51
917 977 1 0 0
486 646 25 22 21
78 662 26 14 2
117 185 42 42 42
609 965 25 18 18
528 925 31 12 10
957 1000 74 41 14
365 533 11 4 2
195 608 72 51 40
907 986 95 64 63
490 616 72 54 42
566 627 23 20 19
164 839 95 73 62
152 169 81 56 46
296 580 50 47 45
819 928 83 56 49
743 762 69 41 15
845 969 87 65 43
45 57 34 24 23
336 476 93 46 23
111 736 71 39 16
182 208 15 10 8
236 457 17 7 6
376 954 43 33 29
225 408 19 2 2
733 828 84 66 56
520 561 30 28 28
560 756 15 9 9
42 900 73 67 62
635 727 69 68 67
975 995 93 92 92
805 846 92 21 3
609 809 100 64 57
891 943 78 75 74
770 946 59 52 49
884 903 35 29 27
607 956 19 15 12
402 518 39 18 18
851 942 64 50 47
609 844 79 52 43
151 410 56 25 10
635 767 52 17 3
49 729 47 17 16
827 867 69 69 69
131 414 42 33 26
54 154 99 98 98
106 772 29 12 2
176 432 28 8 2
298 349 22 20 20
826 890 42 20 18
115 786 21 12 12
123 519 75 29 24
738 803 24 17 13
635 959 14 14 14
269 919 87 78 78
458 593 81 72 63
515 658 28 22 18
159 386 73 50 49
68 916 93 92 92
854 954 0 0 0
502 732 84 48 21
879 898 58 38 32
585 755 27 21 18
66 754 51 15 9
589 712 48 33 19
802 850 40 35 31
461 739 49 13 6
911 995 37 15 6
823 824 98 53 23
363 739 90 36 10
360 832 93 45 34
841 891 18 16 16
643 821 76 60 55
624 691 18 12 12
385 546 6 2 1
228 418 92 67 62
215 930 15 9 4
607 796 45 38 36
269 685 100 74 73
824 839 67 59 55
725 768 15 14 13
481 754 34 27 25
443 909 56 36 29
712 922 16 10 7
558 791 86 56 48
720 809 57 14 9
195 518 13 6 3
924 958 0 0 0
389 654 90 65 57
768 789 16 7 7
899 934 100 54 37
264 644 81 68 56
435 920 32 10 3
895 927 49 29 23
299 505 1 0 0
608 610 58 36 24
950 967 50 32 17
266 988 23 20 20
84 589 5 5 5
218 492 47 22 12
173 871 5 3 1
611 626 21 4 3
547 696 82 49 43
660 695 64 59 59
616 694 22 16 16
27 264 60 17 16
374 913 58 39 33
2 849 74 51 32
126 159 19 17 15
481 565 12 6 3
203 504 94 39 13
879 959 12 7 7
441 552 90 48 41
107 796 8 5 3
389 554 20 11 5
55 119 15 13 13
787 983 12 6 2
662 758 2 1 0
872 967 13 8 3
31 304 15 6 6
798 821 99 99 99
963 980 47 37 35
515 842 55 51 49
826 884 69 60 55
499 740 84 70 59
483 836 44 31 23
639 838 28 26 26
417 880 78 21 18
604 645 97 33 28
783 975 96 39 39
392 780 73 71 71
17 508 72 63 58
914 963 77 63 58
936 978 63 59 58
997 999 9 4 0
219 948 23 14 6
862 894 76 62 58
810 901 25 13 10
904 924 79 31 0
576 980 60 7 6
818 955 5 3 3
556 578 29 25 25
947 970 23 12 6
622 635 69 44 41
932 958 39 19 15
676 859 85 66 50
190 541 88 33 14
740 847 93 54 20
830 910 56 24 15
747 945 90 13 9
996 998 82 54 46
412 458 90 88 87
563 992 28 21 16
11 985 47 12 2
842 890 38 16 12
94 282 87 54 26
344 498 80 79 79
626 723 73 70 70
184 784 59 31 16
112 547 23 15 14
673 798 97 54 49
368 492 10 6 4
823 870 61 45 31
912 981 44 24 22
112 168 14 4 2
638 695 67 46 27
253 411 60 60 60
52 910 59 58 58
873 919 34 29 28
181 199 49 29 23
903 959 12 10 8
604 801 49 18 3
7 686 99 27 25
995 997 87 69 52
579 826 89 49 14
184 709 34 18 9
358 527 82 66 64
306 483 82 42 17
693 784 67 51 37
989 994 2 1 1
111 551 77 55 52
79 868 71 59 58
596 609 64 41 36
40 697 43 31 31
468 563 36 35 35
872 911 6 3 0
634 828 60 20 15
605 712 95 52 23
791 964 30 30 30
422 823 63 34 20
755 841 19 10 4
894 971 51 35 27
606 655 69 32 16
295 672 14 14 14
702 839 90 83 82
153 692 63 45 40
821 943 29 27 26
792 886 73 39 19
960 997 65 24 8
380 883 90 80 80
728 839 0 0 0
73 891 31 21 19
538 725 47 24 23
656 929 20 15 14
890 961 59 10 8
771 790 68 31 17
352 896 95 13 3
451 539 97 65 41
925 973 7 7 7
702 721 56 19 3
490 856 19 11 6
110 849 35 28 21
345 598 14 11 11
865 897 97 63 63
484 833 13 5 3
238 637 71 36 2
518 964 70 20 6
391 419 14 8 8
331 655 32 17 7
205 568 80 53 37
664 766 60 38 23
71 416 2 1 0
62 457 42 32 31
375 644 79 64 64
936 962 6 2 0
595 976 36 6 6
102 635 83 67 55
232 771 99 66 53
646 649 27 15 9
876 888 39 13 12
464 747 32 5 3
494 580 78 78 78
964 967 63 37 29
330 502 55 29 13
165 594 53 32 18
648 832 2 0 0
867 964 67 30 30
229 911 55 40 39
908 966 99 43 11
978 980 17 14 14
68 866 55 32 27
966 986 23 17 11
200 763 63 58 58
733 916 6 2 2
227 444 99 86 74
925 939 49 34 19
601 839 59 58 58
914 941 91 48 21
437 475 2 1 1
178 772 66 26 6
282 826 86 83 80
749 792 100 74 54
406 796 17 3 2
677 899 25 10 10
103 203 32 23 15
572 790 56 50 49
545 614 24 12 9
112 736 85 60 43
113 364 18 7 7
829 830 77 51 34
127 513 0 0 0
599 636 98 26 8
658 859 41 10 1
398 772 28 23 20
699 935 16 16 16
708 735 41 29 29
7 396 44 38 36
874 915 7 3 2
143 914 26 26 26
746 852 39 24 22
653 769 22 5 2
144 243 0 0 0
602 961 56 11 10
62 214 7 6 6
698 726 17 17 17
498 932 80 32 1
744 899 23 8 6
110 724 35 21 15
839 994 50 47 45
520 871 62 54 51
763 847 11 10 10
390 856 56 25 7
736 822 62 60 60
504 929 21 8 5
387 628 8 2 0
195 349 63 23 11
513 537 35 23 23
643 862 46 19 18
543 642 10 6 3
46 432 12 8 6
730 969 68 21 10
977 1000 30 2 2
611 713 23 21 20
769 979 8 4 3
481 560 79 38 15
236 339 38 35 34
585 906 39 27 19
522 564 87 70 67
45 884 58 19 5
770 953 88 33 17
693 871 34 25 20
413 553 70 43 30
138 322 6 3 3
994 999 49 38 29
878 982 16 6 4
218 561 72 27 17
993 999 91 59 43
189 717 2 1 1
123 936 98 98 98
131 400 10 9 8
876 886 62 60 58
515 603 73 62 51
355 933 51 41 35
193 950 80 39 35
236 301 56 7 5
118 125 2 2 2
564 579 3 2 1
663 974 55 38 29
413 916 9 9 9
119 601 26 24 22
171 800 100 8 0
466 910 60 34 22
797 897 81 57 46
778 846 74 60 53
380 952 48 24 24
394 537 85 66 48
70 246 54 48 44
44 105 59 26 20
230 437 43 36 32
139 495 91 57 35
145 975 20 6 1
904 956 90 81 74
229 837 26 24 23
698 824 77 58 54
14 401 67 55 45
342 488 73 30 23
981 988 62 49 41
787 898 9 1 1
972 992 99 87 87
409 492 71 51 45
432 896 77 75 75
360 464 24 22 22
996 997 24 22 20
248 884 23 16 16
417 560 55 17 15
182 638 88 48 30
871 950 66 45 37
247 813 76 50 44
24 104 50 41 36
147 802 2 1 1
875 893 99 48 24
727 943 54 38 35
895 899 56 18 4
490 787 30 28 27
255 424 77 69 68
648 836 67 30 6
392 884 44 18 10
299 334 16 11 11
6 484 85 49 32
926 987 49 17 10
460 744 63 34 33
590 856 1 1 1
712 842 97 7 0
613 730 74 43 17
475 933 27 11 8
444 688 20 19 19
24 295 80 72 70
235 985 11 6 1
799 961 36 19 19
338 463 32 8 6
6 868 76 54 48
634 680 33 25 24
574 793 1 0 0
394 397 74 74 74
538 974 91 28 7
877 993 95 21 12
106 677 74 67 67
781 801 84 81 78
803 844 45 16 9
9 495 86 58 51
126 201 13 12 12
548 848 22 16 11
144 648 13 7 5
742 954 85 60 49
330 924 18 0 0
48 542 42 31 28
280 512 77 41 9
889 954 36 20 7
824 949 93 27 10
706 958 4 4 4
29 134 64 57 51
917 927 35 23 20
704 990 85 41 41
351 502 97 58 31
103 813 100 26 6
214 931 52 32 32
811 900 1 0 0
181 943 52 47 46
417 538 87 73 66
469 934 95 89 89
793 872 13 9 8
605 849 73 20 11
176 991 42 35 33
729 986 21 10 5
517 710 63 61 60
446 696 8 5 5
596 796 96 86 80
790 959 71 63 61
132 831 81 76 73
229 686 11 5 2
608 964 23 20 17
297 863 97 54 15
17 571 48 23 4
817 823 40 34 29
230 546 21 14 10
767 899 95 51 24
635 863 89 68 59
267 718 61 59 57
798 989 17 15 15
236 936 5 0 0
158 354 91 60 41
600 753 13 6 5
757 902 31 9 7
892 993 25 21 20
201 466 32 8 4
427 968 41 37 34
215 790 26 13 7
649 743 30 16 8
823 936 15 12 11
833 985 18 7 7
829 833 82 70 65
535 923 67 51 47
492 549 44 31 18
959 960 80 36 3
927 979 83 68 53
790 824 8 5 4
447 853 20 4 3
129 505 28 9 0
611 682 24 21 20
199 883 28 23 19
250 526 73 68 67
160 690 51 50 49
451 893 62 13 6
395 762 3 1 0
41 176 22 16 13
250 382 5 1 1
44 978 43 36 35
334 468 64 57 56
466 575 71 39 30
744 827 80 59 48
212 464 48 18 9
122 470 94 67 61
850 889 77 51 28
214 349 99 31 13
181 951 21 15 15
4 305 67 37 33
692 876 7 5 5
473 611 85 84 84
270 503 24 20 18
776 814 2 1 1
973 982 4 3 2
526 527 50 25 20
654 749 33 28 23
133 550 85 83 83
148 410 98 42 12
942 970 88 50 43
88 922 2 1 1
251 990 97 65 63
266 345 68 58 49
537 764 12 4 1
114 151 44 19 18
993 998 15 9 6
904 985 92 58 32
456 879 28 18 12
485 774 80 68 63
63 984 93 92 91
445 857 92 24 16
386 902 34 22 20
989 993 81 31 25
344 505 13 11 10
219 864 53 30 28
120 320 35 34 34
11 817 96 29 8
262 823 78 30 19
676 809 97 43 30
112 655 41 34 34
801 893 49 36 28
666 897 98 17 5
19 810 16 8 4
45 480 69 49 49
455 490 42 28 18
275 797 7 4 4
545 557 30 26 22
787 985 42 34 28
166 382 40 31 23
669 677 20 20 20
878 959 97 14 4
450 742 31 25 25
63 425 99 33 18
115 551 7 0 0
918 962 12 5 0
796 890 64 60 60
750 840 31 23 20
755 845 81 31 26
45 182 41 21 8
210 513 16 16 16
939 995 2 1 1
481 655 36 16 10
843 846 78 68 63
331 989 14 1 1
261 681 25 19 18
744 763 87 64 49
836 943 57 27 15
220 502 63 5 0
329 349 32 29 27
743 795 92 31 13
231 880 100 87 86
674 734 87 34 19
782 885 92 60 57
394 850 46 28 28
20 577 15 5 3
614 668 61 43 43
947 982 10 9 9
854 873 73 15 15
974 975 23 22 22
468 985 94 78 67
449 671 3 2 2
282 427 96 40 11
662 975 5 4 4
163 484 40 39 38
637 727 47 23 9
607 863 59 20 9
722 843 90 84 84
134 976 73 24 10
948 960 59 30 29
601 769 55 6 0
955 995 35 28 23
514 989 70 53 53
442 669 85 78 78
423 605 99 50 29
426 554 38 36 36
404 658 19 2 0
318 429 15 7 7
309 797 21 4 1
624 832 0 0 0
740 798 6 2 1
633 872 35 28 26
104 757 67 9 2
882 919 53 11 3
483 750 50 30 28
520 653 79 76 75
609 840 68 63 61
874 907 49 28 13
533 838 63 30 10
366 974 36 13 0
611 899 59 49 47
308 798 60 8 8
66 401 90 15 10
629 964 38 27 18
148 295 91 79 69
797 989 32 9 2
579 859 35 12 9
676 777 87 84 82
74 616 72 38 33
267 745 35 31 30
446 657 16 15 14
317 742 8 8 8
303 357 12 7 7
271 794 57 54 54
482 627 10 10 10
252 326 69 23 21
364 555 2 1 1
291 838 28 9 8
925 970 18 6 2
272 773 39 33 32
396 845 29 28 28
345 562 54 52 50
56 900 50 45 42
634 851 71 32 26
777 944 84 71 64
594 846 1 1 1
457 540 69 35 22
796 802 91 18 10
830 972 44 41 41
80 993 33 31 31
531 554 74 61 49
830 859 64 30 10
696 806 26 16 7
697 862 43 30 20
903 951 79 40 27
848 949 14 11 9
283 470 76 53 40
511 728 62 58 58
738 974 70 24 6
228 317 7 1 1
269 688 46 43 43
572 863 15 10 6
488 600 70 68 66
494 567 95 61 60
125 373 66 28 17
37 625 52 37 35
235 783 58 44 43
891 958 24 11 6
502 922 45 27 17
304 492 29 17 10
623 906 17 8 8
87 668 59 7 7
281 555 78 32 14
78 134 88 71 64
780 832 59 50 48
262 690 61 49 48
396 500 81 74 73
814 961 66 33 2
231 902 31 29 28
18 70 3 0 0
905 929 74 42 33
404 990 28 11 8
424 493 0 0 0
617 892 57 45 36
979 988 30 8 2
392 731 60 28 2
314 971 92 41 26
279 695 13 4 2
483 828 93 90 90
514 699 66 49 46
8 958 48 21 6
860 995 39 31 31
815 917 48 28 11
445 500 13 5 0
687 842 95 60 46
484 745 48 8 5
11 308 76 57 57
574 960 62 35 29
398 840 70 67 67
411 983 4 1 0
941 986 95 34 7
408 811 82 28 2
98 164 93 74 73
612 832 95 83 81
148 633 96 56 25
487 632 71 58 55
717 790 64 43 37
912 977 90 52 43
514 896 38 26 16
182 667 62 44 37
337 547 47 30 14
777 924 83 71 69
743 886 19 19 19
836 939 93 89 89
591 840 29 5 5
225 297 9 7 7
142 853 58 21 18
75 520 59 29 28
619 769 25 24 24
826 960 65 30 21
420 526 94 40 36
854 923 57 9 0
539 715 59 25 25
397 633 53 41 39
783 965 42 23 23
230 658 0 0 0
807 910 77 23 0
812 813 80 27 4
487 668 74 42 30
350 528 17 10 9
920 930 33 32 31
898 993 61 54 54
27 921 99 69 62
342 627 23 8 5
337 895 49 14 0
699 789 57 43 34
183 232 86 54 53
934 983 97 55 55
397 442 95 83 73
617 907 36 14 13
413 928 22 9 3
680 709 65 40 38
823 939 77 71 68
857 994 74 60 47
120 626 56 44 43
94 605 98 45 17
272 951 18 7 1
150 793 58 57 57
785 820 76 18 14
331 510 22 20 20
920 947 83 29 27
784 983 76 40 16
338 683 32 25 21
864 997 70 36 18
375 836 40 24 17
860 975 74 31 1
742 845 12 10 10
466 532 3 2 2
53 326 87 66 64
381 725 18 16 15
126 864 98 65 54
655 863 5 3 3
401 414 22 9 9
87 480 77 54 33
656 924 30 29 29
64 195 45 24 6
241 354 7 7 7
492 724 72 31 15
800 870 97 37 37
371 687 88 75 71
35 57 0 0 0
781 944 61 42 30
827 979 57 57 57
676 962 19 15 14
990 991 61 22 11
5 383 81 44 34
641 889 76 69 64
270 958 98 62 38
239 512 62 55 51
409 644 85 38 18
944 981 60 35 35
416 731 85 79 79
310 354 99 85 83
71 891 61 33 26
423 614 31 14 9
914 962 38 26 25
534 696 3 2 1
628 790 67 19 16
716 783 6 2 1
59 285 87 33 9
214 226 94 78 77
133 889 49 18 14
903 919 69 38 32
219 914 69 58 56
435 695 95 26 16
837 979 22 14 7
524 720 79 71 66
673 688 18 17 16
564 916 82 49 37
67 920 52 40 35
507 733 23 18 18
509 704 1 1 1
948 995 86 67 67
538 837 95 81 78
164 861 27 8 7
834 932 46 44 43
672 736 90 61 43
608 815 96 58 21
464 976 53 7 3
255 700 10 8 7
573 647 16 14 13
583 976 35 22 21
208 569 88 83 82
470 800 13 3 0
226 412 20 17 15
229 274 60 53 51
596 964 41 25 11
682 916 85 53 50
653 915 28 8 7
551 819 2 1 1
480 912 7 1 1
17 907 17 6 3
639 832 62 53 47
631 693 81 33 9
886 949 95 44 40
786 927 82 58 49
184 626 6 3 3
542 623 5 2 2
276 553 28 2 0
51 873 33 23 16
702 966 10 7 6
90 815 91 66 48
619 691 14 12 12
572 850 67 41 35
219 717 33 12 6
717 723 7 4 4
816 936 19 16 15
602 995 88 75 73
640 744 59 45 36
797 984 54 28 19
409 523 95 38 9
327 439 15 15 15
911 931 80 79 79
21 686 34 7 3
478 574 73 65 57
987 988 75 33 14
339 505 54 52 51
622 700 9 4 3
891 931 65 7 4
861 973 16 2 1
613 671 47 7 5
984 991 68 49 43
283 958 29 2 0
109 998 53 51 50
537 555 93 93 93
582 967 86 20 13
405 584 34 12 10
887 973 88 65 65
422 749 2 1 1
904 936 73 69 69
274 821 53 27 13
479 480 49 29 10
741 922 23 5 3
805 964 40 28 21
913 961 2 0 0
151 720 32 19 13
292 724 64 13 6
7 84 14 12 12
309 622 3 2 2
719 770 88 84 83
13 728 36 11 6
572 966 97 95 94
359 550 77 29 10
404 847 90 21 6
229 290 87 16 15
34 238 83 17 14
40 850 72 35 3
767 857 98 94 92
172 297 63 36 28
454 597 91 35 15
653 982 13 6 0
587 961 3 2 1
795 893 70 34 31
540 777 64 40 22
235 332 56 30 19
746 893 96 96 96
869 923 75 37 5
485 834 70 47 29
377 845 58 46 36
139 431 16 3 0
793 986 8 8 8
81 896 9 6 6
930 988 57 44 38
401 888 72 21 18
322 717 36 22 15
557 763 86 55 39
726 754 76 45 42
787 822 87 68 59
849 982 83 38 13
660 990 65 62 59
49 820 69 38 35
59 723 27 14 2
841 957 52 43 38
32 835 45 6 2
933 989 4 2 1
122 784 85 77 77
626 816 59 39 37
34 790 78 77 76
229 509 51 36 28
156 564 30 25 25
96 708 92 48 33
596 607 62 38 25
299 659 77 66 64
773 956 24 9 8
991 997 18 16 16
655 844 45 42 41
567 667 93 46 8
616 758 99 89 88
819 863 24 17 11
924 958 17 6 3
726 783 83 69 57
370 419 68 43 32
616 721 66 54 50
1 738 16 9 9
614 876 8 5 5
824 899 6 4 2
549 794 4 3 2
77 720 23 12 8
107 859 57 56 56
112 364 52 43 38
207 757 40 14 9
4 397 25 15 8
300 375 35 30 26
109 941 99 43 22
377 588 98 11 6
285 569 51 27 27
76 366 46 19 16
506 950 50 49 49
502 773 59 36 28
379 954 75 71 70
416 848 37 36 35
980 982 24 11 6
9 414 10 3 0
921 963 65 39 33
740 913 32 31 30
339 879 82 75 75
343 384 61 19 10
677 988 82 12 12
206 428 16 9 5
471 943 32 29 27
481 997 27 14 11
764 793 12 7 4
465 620 33 31 30
896 975 19 16 16
257 975 17 9 3
814 986 29 27 27
947 963 60 56 55
453 570 75 68 67
300 591 61 48 40
620 752 43 34 30
20 316 27 22 18
483 751 74 47 39
853 898 78 41 15
390 730 73 48 26
22 303 27 23 23
127 413 43 34 34
122 143 53 50 48
226 730 68 34 2
832 922 36 33 32
645 978 75 46 34
725 889 2 1 0
878 992 7 7 7
144 750 77 49 26
648 980 94 26 12
973 996 0 0 0
151 480 100 80 80
842 950 17 6 4
397 766 65 49 47
550 955 39 8 4
480 651 63 17 3
587 835 16 13 12
306 308 77 61 55
85 992 80 29 13
460 762 57 28 19
678 759 47 24 8
73 941 3 0 0
140 231 9 5 3
80 135 86 82 81
245 372 55 34 25
929 942 70 36 21
700 734 49 30 13
905 923 92 68 67
234 536 89 81 81
37 691 91 48 6
272 717 58 48 43
670 931 4 1 1
400 882 89 85 85
25 904 60 40 35
226 451 98 97 97
48 624 25 17 13
548 556 34 32 31
789 937 23 11 4
242 359 66 50 50
571 672 73 60 49
115 153 43 32 29
972 990 38 33 30
466 492 43 31 25
145 493 37 22 18
49 357 58 27 21
987 991 4 0 0
264 774 57 36 34
55 904 87 20 11
417 945 51 26 15
258 765 30 16 8
535 881 74 9 1
181 228 43 26 24
584 776 15 5 0
654 821 84 33 2
311 710 36 20 20
460 798 16 6 3
420 894 91 43 30
855 1000 88 61 36
727 776 92 75 58
745 995 78 43 16
116 523 17 10 7
536 575 85 48 46
289 656 8 7 7
955 996 83 52 38
433 703 42 42 42
303 352 80 40 37
655 1000 10 9 8
884 891 47 34 30
184 767 82 62 59
535 844 39 37 37
927 996 91 36 31
899 949 94 47 40
938 953 90 39 11
535 583 1 1 1
788 984 15 9 3
124 892 64 54 47
380 968 62 6 4
788 852 34 32 30
746 841 70 55 53
867 932 45 36 30
612 971 24 19 17
928 949 89 12 10
266 511 79 75 73
459 799 74 61 54
763 851 39 19 3
449 646 87 2 1
575 869 19 17 17
612 613 9 5 1
212 734 61 41 31
447 554 90 75 75
84 691 17 10 9
664 792 14 9 8
472 957 20 12 11
45 231 53 36 35
856 993 27 17 14
598 704 38 18 2
526 921 63 41 30
622 826 7 7 7
299 797 34 21 21
341 800 9 3 0
450 512 93 63 58
99 333 22 6 5
504 655 50 19 13
827 875 21 13 12
176 264 3 2 2
915 961 34 28 27
979 996 48 46 45
570 881 8 4 0
410 420 19 7 3
442 503 72 66 65
503 717 69 24 19
525 597 17 12 11
544 652 87 59 31
187 259 45 22 14
91 814 72 55 44
830 955 10 6 4
974 997 100 21 11
628 696 33 9 6
254 541 64 52 49
422 659 15 10 6
955 956 27 22 22
630 736 31 15 1
59 940 12 8 7
812 942 6 5 5
45 454 32 28 24
523 911 34 24 21
919 971 85 79 75
162 921 28 20 16
509 719 60 60 60
270 774 67 30 23
963 990 27 20 20
721 855 33 16 3
292 426 22 21 20
729 967 44 32 27
886 921 94 29 9
720 993 25 18 16
684 795 70 54 50
872 927 98 56 53
314 977 2 0 0
170 262 38 26 16
173 846 51 20 10
318 561 52 45 43
69 432 21 11 11
288 370 64 52 48
838 987 38 12 2
8 374 53 39 39
81 225 70 8 6
840 931 94 40 23
252 594 96 42 14
932 964 5 4 4
711 935 28 21 18
243 984 51 44 43
191 529 48 39 36
262 610 88 52 49
357 643 30 20 20
524 537 13 11 11
229 503 50 22 19
846 962 97 86 75
872 954 77 40 19
666 727 8 6 5
300 464 34 28 26
711 814 14 8 6
987 995 82 69 67
798 836 61 49 41
391 557 56 50 46
525 826 94 41 9
343 918 0 0 0
219 442 15 9 6
544 977 56 28 12
509 638 51 32 27
583 750 3 2 2
663 810 91 71 56
21 441 87 56 49
707 926 54 24 4
36 94 26 19 16
590 741 60 28 17
630 807 35 27 26
754 920 51 20 14
398 782 57 32 8
412 723 64 41 29
419 954 14 1 1
980 997 4 2 2
447 530 4 4 4
182 575 92 46 2
362 505 12 8 6
633 653 79 29 17
727 736 76 29 3
528 785 47 29 27
800 906 21 9 2
199 964 82 58 46
697 854 42 36 30
300 696 87 74 74
430 505 35 33 32
382 900 22 17 15
40 647 56 30 18
817 837 35 11 2
372 676 98 74 68
932 968 22 17 16
7 766 73 68 65
665 800 53 40 28
116 477 95 92 89
458 793 42 31 23
697 859 1 1 1
584 865 59 54 50
185 861 81 53 29
246 503 5 4 3
834 897 14 1 0
143 334 65 35 14
844 898 88 32 5
41 678 43 40 40
949 973 53 40 39
576 658 59 14 11
145 574 84 13 1
585 634 58 37 35
415 921 75 33 22
294 394 56 31 31
795 876 63 16 8
576 973 69 38 25
667 765 57 21 7
960 979 45 41 40
81 572 55 45 45
667 1000 54 37 31
4 559 19 16 14
161 221 67 59 51
375 730 14 7 2
797 856 30 5 4
957 960 2 1 1
89 194 75 34 6
910 928 73 33 17
26 242 59 52 51
802 917 61 37 22
322 354 11 1 1
623 928 28 8 8
633 873 52 46 44
622 785 51 45 42
859 916 75 50 36
546 558 81 80 80
50 519 28 27 27
746 803 59 49 49
378 980 35 18 1
960 994 15 9 6
444 588 99 87 76
627 769 39 36 36
441 788 5 3 1
959 966 47 39 32
559 964 26 17 10
101 328 48 13 9
65 200 39 35 35
541 871 6 6 6
311 642 65 18 16
562 651 17 10 9
588 899 79 38 14
415 835 96 92 90
472 517 6 5 5
63 297 42 22 10
123 495 96 29 12
491 852 58 20 18
403 894 2 1 0
845 849 16 16 16
660 833 29 27 26
753 828 7 6 6
953 968 97 52 35
593 985 59 55 52
874 976 26 25 25
578 650 53 31 31
478 701 99 23 5
976 995 22 14 9
514 992 70 32 25
403 919 63 55 52
338 797 61 55 49
514 983 36 23 11
162 285 94 18 2
623 781 53 44 40
566 751 81 53 41
83 165 35 13 10
302 892 23 6 3
455 463 24 2 0
372 647 43 19 2
544 880 85 10 4
920 991 78 36 18
878 984 87 73 63
734 768 87 44 32
174 960 74 34 26
116 512 59 30 13
623 854 15 6 6
382 572 12 2 0
540 783 41 31 29
4 573 55 46 41
31 989 18 4 3
735 934 65 25 1
547 721 65 61 60
675 762 3 1 0
560 757 91 78 78
749 935 10 7 6
667 817 66 2 2
899 995 83 47 41
548 587 90 87 85
27 407 16 8 4
930 995 64 21 15
771 937 2 1 1
776 888 33 20 10
494 636 74 59 59
257 480 42 32 30
785 909 83 62 61
205 326 79 48 41
865 880 40 39 39
636 655 76 61 53
290 669 74 62 59
767 914 56 50 50
421 507 36 11 5
782 860 41 31 31
812 997 36 32 31
473 680 60 59 58
599 942 77 62 57
326 351 35 10 10
700 921 17 16 15
332 944 74 30 6
587 999 46 32 19
536 843 77 71 69
474 893 13 7 2
6 30 75 70 65
350 587 30 17 11
193 582 36 10 3
302 334 65 23 19
261 928 27 15 7
473 679 54 26 2
595 867 69 33 30
611 642 65 61 60
842 948 22 2 1
102 823 12 8 8
328 440 25 20 18
644 741 26 17 14
240 576 75 21 1
837 910 54 22 21
228 788 36 35 35
663 887 84 73 72
655 883 96 78 78
185 913 94 76 61
392 829 16 12 11
910 978 33 19 6
347 405 13 12 11
558 804 32 28 27
394 696 47 20 20
7 243 61 33 19
408 756 69 61 56
512 845 48 40 37
226 534 83 61 41
157 328 58 46 37
30 638 77 27 1
540 857 22 14 14
289 684 54 52 51
382 742 38 20 6
737 794 79 64 52
981 997 47 17 10
350 954 6 3 3
341 437 93 68 65
665 911 18 13 8
434 451 94 66 43
547 739 61 19 19
573 826 6 3 0
34 148 85 54 42
395 671 2 1 0
258 656 3 1 0
733 740 84 49 45
933 963 34 33 32
367 726 64 26 12
346 697 73 8 1
76 788 23 13 4
452 592 36 18 3
629 826 91 41 34
33 872 69 66 64
351 818 35 18 18
33 353 90 66 58
454 723 86 83 80
499 990 2 2 2
133 933 20 6 5
199 483 27 15 6
131 600 73 61 61
594 899 35 27 20
305 554 41 9 9
518 857 54 51 51
157 292 93 73 62
637 736 7 6 6
391 608 5 3 2
196 819 15 15 15
235 953 55 41 36
841 873 63 20 5
189 491 16 9 9
796 804 14 14 14
600 719 87 73 69
36 980 88 52 50
905 956 95 82 80
807 839 70 70 70
494 856 98 56 53
172 199 70 37 34
784 963 97 24 6
358 933 23 19 15
235 506 49 38 33
9 553 48 39 36
468 976 61 57 57
12 142 29 16 6
66 243 58 39 31
282 810 36 25 19
762 977 39 27 20
4 55 1 0 0
665 964 11 10 9
660 735 7 1 1
955 978 10 6 3
338 808 37 16 2
181 891 29 24 20
675 724 22 21 21
243 877 57 46 42
480 696 98 68 52
292 706 51 42 41
560 990 51 47 44
738 897 39 26 26
211 893 85 35 6
965 999 93 88 85
414 870 58 49 43
668 801 52 51 51
744 776 78 48 43
572 623 47 43 43
370 916 65 19 13
568 774 40 27 26
293 920 16 6 1
279 328 37 24 18
893 981 6 4 3
267 684 85 83 82
363 609 35 21 7
583 769 45 2 1
105 577 50 35 21
449 645 19 17 17
201 731 72 28 4
461 505 72 71 71
336 486 60 60 60
22 148 84 46 27
47 75 19 18 18
42 741 74 56 43
727 945 60 25 22
229 616 11 6 3
882 899 50 3 1
434 500 82 35 25
510 522 37 10 3
537 701 92 90 90
635 861 86 81 81
581 702 85 70 61
768 888 94 82 81
408 592 34 29 29
279 473 33 20 16
914 916 32 26 20
401 807 34 19 15
653 997 0 0 0
396 676 24 12 5
400 892 1 1 1
542 835 79 32 0
151 854 26 11 10
785 844 94 80 69
53 767 69 54 54
918 957 1 0 0
565 738 27 16 8
248 898 68 43 41
161 615 89 62 38
728 795 63 51 41
672 677 71 4 3
689 906 59 56 55
57 992 50 28 18
314 554 32 13 5
578 861 73 38 26
558 873 23 3 0
926 962 34 25 16
741 826 72 54 54
269 850 62 13 1
376 916 10 9 9
957 961 91 35 22
613 766 87 80 79
415 527 5 3 1
127 946 7 4 3
48 531 76 75 74
278 524 40 37 35
906 934 3 3 3
603 958 17 5 3
846 978 74 72 71
690 808 37 20 11
246 756 90 30 12
970 988 48 22 22
377 872 38 34 32
880 955 69 69 69
788 790 20 15 10
267 953 86 81 80
975 978 1 1 1
786 993 72 67 64
442 451 67 44 30
237 816 78 73 69
164 447 10 6 3
183 590 9 7 7
63 486 53 49 46
657 725 0 0 0
229 601 62 29 21
443 510 54 53 52
159 735 40 15 0
803 884 26 15 14
548 784 99 25 1
402 676 85 45 40
207 864 25 24 24
477 816 21 16 15
702 728 74 23 7
353 466 19 15 15
734 794 61 61 61
129 854 56 29 21
655 803 26 24 24
398 595 83 64 54
588 985 59 49 48
442 881 78 74 70
300 982 71 16 11
634 811 21 20 20
386 680 72 40 27
755 857 73 66 64
891 976 85 67 51
37 55 73 32 26
929 993 86 78 72
448 811 29 23 20
888 905 23 16 15
370 652 94 38 34
393 988 24 20 18
487 655 3 1 1
548 669 45 27 23
414 446 64 23 21
599 862 100 49 17
536 980 38 26 25
228 551 27 26 25
373 439 95 78 77
359 912 11 8 5
170 208 100 41 41
502 782 13 13 13
949 969 2 0 0
799 889 84 46 27
440 544 27 17 17
470 716 72 57 51
884 898 7 2 2
742 851 89 31 25
560 805 92 69 63
222 555 44 27 23
528 750 25 25 25
609 904 91 32 18
263 736 71 53 44
108 592 68 32 25
455 602 28 21 15
40 391 50 43 42
835 892 61 10 0
158 783 63 53 51
574 826 24 3 2
772 989 82 66 65
569 973 42 18 8
518 719 21 5 4
360 643 99 49 0
400 943 46 9 0
473 530 16 5 2
750 799 95 29 6
437 594 83 45 17
659 820 14 1 1
232 792 94 84 80
180 801 86 52 52
442 917 76 61 46
982 991 2 1 1
106 176 92 54 35
816 933 94 58 38
796 996 12 11 10
171 874 19 10 3
530 850 31 26 23
891 892 6 5 5
770 815 48 15 0
249 519 30 14 1
393 911 17 12 11
740 915 97 66 54
544 850 13 10 10
305 482 99 56 50
307 407 49 33 18
584 711 15 5 0
666 909 66 61 56
172 197 82 44 31
421 503 100 69 56
283 531 91 70 54
128 396 32 19 19
163 351 86 10 2
644 692 27 27 27
915 986 39 9 0
326 557 63 31 22
333 914 73 36 28
489 727 73 73 73
681 721 74 64 61
782 871 31 29 28
247 849 64 62 61
207 986 83 61 53
30 931 80 46 24
883 937 63 15 13
382 391 90 62 55
340 965 39 20 20
421 474 91 31 26
115 839 51 6 5
718 880 0 0 0
12 140 33 26 24
265 719 78 66 62
172 910 68 27 20
450 812 75 68 63
311 393 44 32 21
7 939 46 34 22
478 780 82 35 1
452 881 19 8 6
52 929 20 18 17
572 720 58 40 26
366 659 71 33 28
908 980 4 2 2
656 693 30 17 12
108 123 23 12 12
308 827 66 51 38
425 730 94 70 69
864 964 99 52 51
129 843 53 16 4
189 223 0 0 0
932 990 67 67 67
229 420 23 22 22
428 675 95 34 19
508 527 52 39 30
857 892 14 6 2
670 698 89 36 29
163 935 22 18 18
861 969 95 59 36
279 602 74 69 65
774 815 33 23 15
194 317 23 14 13
254 770 93 59 52
250 580 64 52 44
982 997 8 5 3
547 796 2 2 2
797 932 81 75 74
515 974 19 11 11
234 871 4 1 0
62 510 78 48 45
926 990 41 37 36
600 868 26 2 1
784 904 37 23 19
337 810 48 24 19
439 679 86 28 10
460 727 24 8 0
865 949 52 15 0
81 969 47 14 1
586 732 31 24 21
711 926 72 60 58
497 622 21 14 8
339 755 44 32 22
344 632 75 52 48
51 716 80 37 20
245 260 66 64 63
676 882 48 23 14
803 845 31 7 7
69 457 69 36 23
491 546 86 59 54
848 942 24 17 11
129 543 32 14 2
540 991 88 80 77
778 988 13 5 4
282 577 46 23 23
282 522 12 3 1
611 687 32 16 5
841 876 69 40 38
79 103 55 54 53
258 601 77 74 71
747 759 37 8 3
202 506 62 31 16
842 966 88 62 56
869 946 11 6 1
120 385 81 39 6
830 977 48 32 23
340 636 34 26 20
150 698 44 36 31
320 795 69 66 65
850 895 8 2 2
426 790 40 25 16
375 891 91 57 34
326 551 28 11 6
327 689 46 17 13
484 963 7 3 3
106 527 41 24 16
641 935 99 71 53
481 612 8 0 0
337 461 8 8 8
58 736 18 6 6
12 955 34 16 3
89 230 35 12 7
386 400 6 5 5
152 890 41 15 9
788 843 66 29 4
255 950 72 60 59
903 914 72 36 18
76 487 30 5 2
33 775 85 53 52
130 398 32 16 5
703 909 21 6 1
897 923 92 36 23
548 581 33 31 31
301 947 98 54 43
719 928 16 12 11
974 994 66 13 2
918 964 37 24 19
858 937 1 1 1
603 636 20 17 15
295 463 46 15 6
613 904 8 4 0
907 998 85 62 56
354 877 33 15 3
751 921 32 28 27
673 754 32 31 30
506 669 69 62 62
953 954 18 14 10
700 889 97 30 12
187 705 5 4 4
681 828 93 11 0
651 776 98 24 20
95 500 56 5 1
683 858 2 0 0
77 877 97 85 76
287 786 64 46 29
199 221 70 67 65
57 156 14 11 11
512 882 13 5 3
965 1000 3 2 2
23 333 42 41 41
645 980 29 20 16
158 534 3 3 3
732 853 5 1 1
394 479 53 41 39
270 602 57 41 26
48 951 58 38 37
425 607 18 16 15
353 960 41 12 4
874 890 80 73 73
255 936 26 26 26
458 685 75 10 3
98 778 38 21 19
58 122 7 5 3
455 636 31 16 14
425 787 7 3 1
377 572 70 66 62
955 973 14 6 6
465 909 11 8 7
923 933 24 18 12
186 1000 42 19 11
752 950 90 78 68
137 463 18 16 16
373 597 66 58 56
361 679 79 76 75
461 490 77 38 31
661 926 51 36 25
146 591 1 1 1
632 884 49 12 10
719 957 76 70 64
695 966 52 47 45
959 977 11 2 0
891 951 77 50 50
63 543 79 54 49
217 543 91 57 33
792 868 57 35 19
683 811 84 59 56
878 958 13 6 1
59 671 93 14 14
552 754 52 49 46
971 996 10 3 1
656 794 30 26 24
214 542 17 14 11
660 800 87 85 83
520 773 42 14 14
829 844 26 13 13
279 463 81 25 15
485 958 83 43 33
42 195 40 15 0
875 961 23 18 16
741 930 53 42 32
848 974 75 39 10
454 474 76 30 27
38 452 53 34 17
487 492 91 23 7
898 924 83 66 60
754 988 60 49 44
594 664 63 12 9
51 502 13 9 9
334 630 45 43 43
755 913 25 19 18
451 616 96 96 96
418 980 90 19 2
717 764 12 12 12
401 921 40 23 15
463 492 67 40 22
824 963 64 30 21
63 576 66 64 62
201 660 49 44 44
63 94 93 84 80
825 835 8 8 8
602 768 84 50 50
701 720 45 29 13
651 939 43 31 28
608 942 59 56 55
336 640 31 16 2
677 851 85 74 71
91 935 75 43 30
709 967 32 22 12
792 912 97 15 13
47 676 73 48 44
599 800 46 26 19
935 990 1 0 0
517 985 5 5 5
287 763 3 3 3
876 930 21 17 17
604 931 39 32 32
808 929 3 2 2
769 867 80 24 5
213 251 41 16 14
819 876 19 5 4
211 780 35 17 11
811 911 0 0 0
917 996 88 14 13
820 843 36 24 24
935 940 62 51 49
91 981 72 47 42
797 935 11 5 5
364 977 29 25 23
269 955 69 64 63
143 937 29 27 26
452 969 1 0 0
907 927 59 54 53
251 756 49 29 28
680 947 92 82 77
716 735 88 68 57
508 853 91 55 32
202 559 54 29 5
297 335 60 26 15
788 800 97 62 31
601 735 82 74 71
508 841 45 28 20
35 291 52 44 42
666 721 34 24 17
808 841 40 31 26
449 848 99 77 60
73 786 65 64 63
732 874 47 2 0
909 936 77 40 4
519 881 100 75 54
955 976 53 38 35
625 984 34 10 10
255 340 55 52 49
135 159 88 73 71
363 781 36 15 14
644 804 48 32 25
737 849 48 6 6
612 644 32 15 6
138 274 49 32 21
293 538 96 7 7
787 868 44 18 2
271 799 61 40 25
788 827 12 9 9
162 402 21 18 15
893 967 15 8 8
666 821 78 53 48
85 113 59 53 53
257 338 4 3 2
776 939 91 83 79
927 966 32 29 28
242 936 13 5 2
161 822 43 24 10
282 573 78 53 28
645 673 95 47 0
634 709 2 1 1
373 813 22 19 19
788 986 86 22 20
142 291 81 57 55
80 739 21 18 18
346 968 5 2 2
92 493 96 54 29
378 815 60 59 58
528 681 17 14 12
685 852 36 9 8
901 951 20 4 0
808 951 82 64 60
339 700 80 41 30
901 920 78 22 7
855 952 39 8 4
186 943 32 28 27
497 710 90 73 67
756 793 55 17 11
750 894 5 4 3
876 946 50 21 15
206 211 6 4 4
67 606 42 28 27
799 913 2 1 1
579 718 81 15 6
777 838 76 29 1
416 581 63 6 3
892 948 8 7 7
372 394 59 47 44
930 963 43 24 21
694 941 2 2 2
205 409 16 10 7
426 662 17 16 16
141 755 88 69 69
879 905 6 6 6
200 238 93 41 40
413 758 23 8 0
83 810 62 46 41
393 520 40 30 30
204 595 7 5 3
353 684 67 44 43
76 287 2 2 2
742 855 38 10 6
940 960 52 18 15
814 983 79 63 52
337 644 71 34 21
180 885 92 40 29
444 754 9 4 4
750 961 85 38 5
409 953 74 33 30
471 957 77 36 36
884 944 92 58 30
173 243 74 29 1
858 976 70 25 5
878 930 81 53 53
738 775 5 4 4
337 882 16 14 13
399 469 53 17 14
101 605 50 47 46
217 726 14 7 0
897 958 84 82 81
213 434 55 40 40
714 987 91 76 76
884 999 59 40 22
706 820 32 11 4
882 996 88 41 34
551 698 53 38 33
767 842 77 53 53
734 833 72 50 43
945 971 4 3 2
302 903 27 10 5
695 798 77 63 62
911 941 12 11 11
739 871 70 46 26
70 187 83 60 41
913 937 32 30 30
433 457 59 59 59
196 825 78 37 7
659 813 24 22 21
727 816 21 20 20
514 862 70 41 39
563 910 9 3 0
270 721 66 66 66
929 962 47 26 6
383 799 23 6 6
431 452 95 51 18
410 607 84 79 79
729 993 88 52 40
841 1000 90 27 0
360 494 41 22 3
21 595 81 55 48
432 809 60 37 24
149 349 45 23 21
51 510 90 61 48
925 997 14 10 6
160 515 71 32 31
817 984 59 54 53
653 867 84 60 52
775 847 53 35 31
505 614 45 40 39
300 652 46 30 16
692 718 37 22 22
652 866 62 31 26
861 931 80 14 6
794 850 8 4 0
50 167 10 4 4
737 969 82 34 4
355 826 51 32 31
68 359 60 58 56
90 949 66 24 19
623 816 12 2 2
2 56 66 48 47
36 829 54 28 8
278 553 3 2 2
912 976 59 31 12
836 919 77 37 26
709 722 60 35 18
815 864 57 45 35
514 882 3 2 1
992 994 90 28 14
389 658 26 25 24
784 913 61 30 27
948 966 49 41 40
851 913 66 42 37
751 845 65 11 6
980 986 20 13 7
292 970 17 8 5
920 929 9 3 1
438 639 47 27 21
170 354 13 7 4
330 542 32 15 2
140 675 79 59 47
539 755 27 22 22
563 901 2 2 2
578 895 10 10 10
737 799 3 1 1
66 345 82 79 79
344 435 67 31 31
771 968 19 4 4
731 916 3 2 2
213 226 37 25 18
956 992 14 7 3
211 972 82 40 25
359 937 23 11 4
314 832 9 8 8
172 818 14 7 0
807 877 84 79 74
24 399 20 18 16
812 914 90 70 51
796 934 64 42 33
522 743 34 26 19
969 980 2 0 0
161 965 41 35 34
137 868 35 23 12
106 613 22 18 18
953 969 8 7 7
722 790 50 39 34
380 487 64 38 30
930 976 20 19 19
75 150 90 63 49
218 338 43 16 13
358 386 95 87 82
444 828 3 1 1
32 302 9 5 1
188 725 61 21 0
970 990 72 67 62
38 147 96 63 60
113 870 33 21 15
111 554 81 70 62
127 208 12 9 9
824 990 37 29 25
148 929 35 20 20
15 247 68 38 14
510 772 37 21 15
661 920 90 31 29
103 475 54 25 6
874 886 93 89 85
231 915 3 2 2
391 670 15 12 12
680 884 81 79 79
718 969 62 22 21
351 411 62 32 24
630 913 54 36 20
125 380 86 65 47
619 878 27 7 5
30 343 95 81 80
82 369 81 38 34
49 694 87 40 38
254 461 30 24 22
850 862 69 38 32
539 872 71 30 5
790 895 56 55 55
15 303 1 1 1
32 713 21 18 17
731 949 74 70 66
184 455 95 55 23
204 298 30 14 8
145 806 44 28 24
12 331 53 28 23
139 445 90 89 89
19 905 62 61 60
572 931 9 7 6
502 702 63 31 7
363 576 87 70 53
799 933 42 15 10
547 752 46 39 37
990 999 40 31 26
332 949 81 65 65
658 873 61 50 41
286 787 83 61 52
271 981 62 51 43
556 798 80 73 70
636 650 2 2 2
754 844 83 60 47
82 98 7 7 7
734 949 79 52 46
355 771 6 3 1
177 783 76 52 50
899 920 66 18 8
492 494 33 11 11
458 579 21 21 21
969 973 47 44 44
866 901 35 32 32
525 764 22 15 14
706 759 31 24 19
533 940 59 25 11
445 570 20 14 11
525 741 61 57 53
664 833 68 14 4
229 645 72 42 41
33 622 68 28 23
991 998 65 59 57
383 491 99 60 33
361 439 62 25 17
18 434 50 44 43
852 863 50 15 3
603 622 54 34 15
838 965 66 46 45
447 844 29 18 12
699 719 65 47 29
505 785 36 29 29
232 559 53 35 31
361 386 25 25 25
557 958 97 55 29
200 476 82 77 72
245 259 2 0 0
917 970 99 52 43
84 629 90 50 10
886 932 56 34 26
745 936 31 9 7
900 977 24 8 6
271 490 47 21 5
560 574 75 19 19
677 944 21 10 10
233 447 78 68 68
258 774 39 18 13
856 895 82 42 31
633 997 43 32 24
536 661 97 57 55
878 996 70 47 40
850 962 5 3 3
897 960 73 41 35
972 995 93 85 85
19 135 51 28 26
65 218 12 7 5
547 830 60 51 47
250 725 58 48 44
385 586 17 9 2
991 993 9 6 6
348 418 100 47 4
107 224 78 41 31
290 679 73 62 61
433 863 79 74 71
783 872 22 21 21
891 994 40 28 19
514 846 79 39 6
846 958 60 45 39
859 933 42 32 30
217 353 89 62 36
407 523 56 38 25
927 937 21 13 7
651 850 55 43 34
121 465 25 3 2
94 514 80 69 69
817 941 25 19 16
488 792 83 35 7
663 878 37 23 22
851 959 9 8 7
925 1000 38 5 5
411 535 34 18 18
121 443 27 9 8
81 838 40 11 0
807 899 56 18 15
526 627 20 19 18
263 949 70 46 37
929 955 33 25 22
178 434 10 6 5
107 459 14 12 11
700 980 68 34 16
184 628 89 20 18
620 715 7 6 5
114 579 63 59 58
944 982 95 69 45
446 570 77 59 59
212 778 65 65 65
715 734 46 46 46
401 567 57 8 0
321 824 9 6 6
406 426 26 23 23
735 884 46 22 14
186 658 78 28 18
210 553 20 20 20
606 918 84 61 59
489 801 70 48 38
382 941 39 24 15
264 748 75 66 65
33 279 86 6 6
176 254 60 58 58
66 425 21 15 9
811 976 24 18 17
248 755 8 4 0
573 931 27 21 20
588 829 39 11 7
725 882 66 53 41
132 367 8 2 1
916 987 63 47 44
523 656 57 44 39
488 881 46 28 21
171 546 77 44 30
79 256 59 29 29
521 551 71 64 63
851 857 26 5 0
460 918 89 57 28
197 616 67 8 1
756 960 72 70 69
871 968 93 80 67
444 483 6 3 3
18 614 63 47 43
476 912 54 31 12
170 388 21 14 11
299 913 52 33 26
578 721 95 48 40
99 500 28 9 7
663 949 56 29 4
784 920 66 53 49
745 862 83 43 3
4 535 12 7 4
362 626 23 18 14
482 649 45 19 15
410 789 28 21 19
619 799 57 27 0
117 983 69 48 39
223 553 95 16 5
82 641 48 40 34
502 869 37 17 10
631 708 14 4 0
214 899 77 54 33
886 994 18 15 15
399 894 86 47 46
201 868 19 14 10
63 533 54 39 36
992 996 69 67 67
708 855 44 5 2
943 960 30 19 12
305 322 22 14 14
919 959 87 64 55
196 868 9 5 1
833 882 85 57 56
222 507 91 67 67
458 956 17 11 11
522 540 60 32 22
771 805 56 35 26
460 841 17 12 9
848 855 67 30 21
310 563 53 9 2
521 786 5 2 1
560 865 30 16 15
680 756 73 43 17
333 634 65 36 24
279 524 0 0 0
134 966 73 51 51
486 795 61 49 40
688 917 34 13 11
56 924 12 2 2
741 994 25 9 9
430 603 62 22 9
537 699 76 20 1
168 329 45 30 28
970 973 56 48 42
520 745 78 52 41
34 174 8 2 2
675 921 24 13 11
308 817 66 50 42
709 922 65 33 31
729 842 23 12 3
60 222 80 30 29
272 899 5 5 5
203 562 44 7 1
294 616 2 2 2
732 883 2 1 1
584 910 75 44 20
228 994 1 0 0
569 598 56 24 0
917 955 48 44 42
245 828 77 32 30
744 965 91 90 90
604 973 85 41 4
903 948 45 19 16
351 849 24 14 4
266 647 61 45 44
371 477 78 77 76
53 907 87 58 47
955 983 42 16 15
490 936 94 39 24
440 548 24 21 19
688 713 54 39 27
168 567 68 65 65
168 276 93 93 93
30 435 78 58 44
220 410 12 5 5
852 966 57 34 14
488 923 86 26 12
144 234 28 13 13
660 693 53 50 47
827 939 49 33 20
776 895 79 50 48
500 843 60 40 34
985 1000 61 46 46
132 366 7 5 5
232 996 26 21 20
385 608 11 9 8
78 241 42 34 27
293 569 85 83 83
216 414 98 72 69
451 688 73 55 37
731 740 63 50 46
366 527 10 1 1
911 955 43 26 24
313 864 53 34 19
352 803 42 17 1
722 772 59 45 35
855 922 21 4 1
845 929 52 30 23
410 944 31 11 10
29 575 40 16 1
335 985 9 6 3
610 751 2 0 0
798 892 76 73 73
361 529 72 38 33
771 949 100 88 80
111 905 22 21 21
230 892 89 31 26
760 909 98 89 87
818 823 2 2 2
278 831 80 67 64
185 732 23 7 7
243 663 37 27 20
705 812 22 16 11
35 952 80 32 14
778 786 22 15 11
499 705 13 12 11
248 633 1 1 1
495 625 3 0 0
964 975 48 34 20
823 843 99 33 33
500 970 21 16 16
306 717 37 14 14
54 530 50 32 29
382 430 51 44 41
642 941 67 32 32
189 728 19 13 12
59 595 40 11 2
631 701 45 39 38
766 866 68 67 67
133 962 9 6 6
796 856 36 3 0
760 802 72 39 34
275 489 25 1 1
335 377 5 2 2
769 842 48 39 31
107 638 64 59 59
498 645 18 9 9
619 936 80 66 56
383 943 72 42 23
438 921 77 62 58
299 990 73 65 60
383 681 92 76 72
781 971 61 60 59
235 290 28 17 16
456 982 84 17 0
620 733 2 1 0
629 986 55 52 49
330 898 37 34 33
577 975 20 9 9
25 498 45 17 9
186 618 100 46 38
193 489 68 17 1
827 927 81 25 1
989 996 88 23 10
101 968 48 28 8
337 592 66 51 49
984 988 8 7 7
587 860 61 36 35
154 437 16 9 4
47 363 22 21 21
943 964 90 62 38
93 250 86 7 5
898 958 22 10 5
424 558 73 52 37
60 264 36 24 13
458 688 5 5 5
274 782 86 66 63
43 913 99 17 11
70 271 91 41 8
630 748 22 10 0
346 382 17 12 8
439 641 4 2 2
137 232 31 3 3
7 601 49 45 45
659 975 14 10 9
453 820 79 74 69
404 655 62 30 16
174 753 56 39 22
674 952 28 19 18
978 994 61 49 43
250 423 12 8 5
831 962 54 38 34
334 744 42 30 29
100 278 4 4 4
624 911 70 50 49
299 587 57 41 29
150 786 49 6 1
668 699 16 8 1
430 459 71 26 7
227 875 74 58 46
3 64 60 21 15
835 863 16 2 0
360 937 38 26 19
953 970 60 37 31
913 949 0 0 0
742 886 63 51 42
215 306 37 33 33
31 295 32 25 21
442 593 41 32 24
678 964 86 43 38
394 718 23 17 14
15 478 7 1 0
252 581 58 32 22
562 575 29 20 13
583 691 86 54 33
173 500 23 17 12
302 363 75 71 69
816 848 74 25 5
493 967 72 55 55
937 940 43 22 10
247 731 89 79 76
38 694 32 21 15
289 934 10 5 3
772 980 79 41 8
924 925 80 30 23
239 441 9 7 7
732 822 81 41 17
894 931 58 49 47
93 555 4 2 2
877 935 18 6 3
259 397 22 13 5
752 808 14 14 14
26 296 62 47 35
19 310 57 48 42
803 997 43 36 33
828 978 49 41 35
889 961 75 57 45
112 593 13 8 8
827 928 56 43 42
447 719 8 6 6
36 168 38 16 12
103 686 59 40 34
170 1000 10 9 9
876 910 40 30 26
721 939 9 8 8
413 798 97 55 54
937 981 24 14 11
727 760 79 53 30
331 522 1 0 0
119 935 39 19 12
945 997 0 0 0
812 860 34 30 27
585 747 22 8 7
505 514 46 16 7
219 491 27 22 22
148 434 7 1 0
654 741 57 27 2
458 519 12 7 5
283 657 36 23 19
710 851 41 25 22
547 670 24 7 4
803 996 17 11 10
308 656 22 16 13
480 895 73 64 64
873 918 29 17 16
806 812 62 37 36
723 741 70 41 19
878 903 39 21 17
403 809 86 57 54
100 640 90 61 55
401 754 91 78 71
184 663 43 32 26
77 642 46 20 14
283 913 23 13 12
328 800 10 10 10
471 847 17 2 0
30 805 24 18 17
207 400 69 30 15
749 840 34 26 18
971 998 22 11 10
361 462 54 42 39
695 789 72 47 39
94 445 32 18 12
527 994 55 47 43
697 744 49 29 22
84 426 55 32 28
387 539 57 56 56
137 340 28 12 10
475 919 4 3 2
163 618 99 60 26
220 477 71 59 54
148 541 40 17 12
56 985 2 0 0
903 942 100 77 65
345 818 14 13 12
515 540 67 63 61
464 714 23 11 6
833 948 54 15 2
503 987 30 22 19
846 859 19 14 12
485 589 63 7 5
824 946 3 1 0
493 899 93 34 7
839 918 21 18 16
912 982 70 70 70
181 291 43 21 1
96 378 26 15 14
323 568 10 7 7
105 324 37 6 2
906 938 30 13 12
352 997 97 77 65
272 827 24 23 23
961 973 96 82 72
147 932 60 43 38
363 698 70 61 57
858 966 98 47 43
14 237 32 17 14
72 272 15 15 15
446 848 93 33 11
475 518 56 16 12
847 964 34 15 13
274 285 46 27 15
225 790 89 36 10
378 771 97 81 72
262 949 46 36 30
351 724 15 7 7
673 837 86 29 12
657 667 72 25 24
540 542 52 40 37
625 628 51 37 36
346 403 25 22 21
489 887 57 53 50
430 437 23 15 13
67 311 20 12 12
37 626 39 34 32
639 650 31 29 27
122 293 50 20 20
324 869 46 38 31
911 991 5 1 1
625 901 96 57 33
254 723 11 10 10
761 949 58 56 55
794 998 1 1 1
167 515 49 39 32
833 943 81 52 52
514 719 78 20 11
222 928 5 5 5
465 933 49 22 4
922 927 66 55 54
238 402 0 0 0
681 699 70 46 43
30 659 68 68 68
956 965 90 89 89
180 611 64 33 33
476 790 7 0 0
947 986 18 10 8
283 807 16 15 15
93 530 62 33 23
733 919 54 45 39
106 220 97 87 82
696 839 39 27 26
740 741 93 86 85
470 770 55 27 3
860 957 99 48 26
678 972 99 78 63
498 514 50 46 44
935 997 16 11 7
577 935 64 48 47
69 700 78 32 12
555 683 31 7 5
42 487 40 35 32
600 657 15 6 0
824 996 57 45 35
119 955 13 1 1
457 970 74 61 59
202 695 94 10 2
147 861 1 1 1
591 765 20 12 5
955 992 53 28 24
181 234 22 10 2
302 972 51 21 8
5 604 40 34 30
455 974 75 40 25
784 908 69 36 24
69 437 82 30 3
754 869 95 19 0
690 946 15 8 2
6 693 6 5 5
393 773 72 39 38
770 927 71 48 31
370 676 72 52 45
376 896 52 20 5
787 940 12 6 3
273 652 48 3 2
582 853 89 48 42
359 626 44 20 4
246 871 33 15 14
584 942 96 61 44
148 446 36 33 31
797 945 11 10 9
134 253 47 26 25
108 481 71 56 44
310 664 18 11 6
190 983 82 23 0
644 943 6 1 0
527 942 94 83 78
366 555 89 14 5
996 999 5 2 0
172 564 68 27 14
835 947 57 29 3
550 691 25 9 8
32 771 70 66 65
357 454 15 14 14
618 621 35 35 35
58 199 32 17 3
862 933 8 6 5
770 897 41 39 38
171 620 27 17 17
563 732 74 57 55
868 908 67 36 35
174 991 96 40 16
470 495 89 39 29
456 828 97 36 9
179 633 41 29 29
624 782 84 58 49
260 344 2 2 2
393 867 65 37 18
776 790 51 23 13
832 990 9 8 8
503 828 30 14 9
104 378 30 14 7
520 848 82 51 43
397 544 31 3 3
27 585 82 46 33
654 672 19 19 19
112 512 77 72 67
836 952 87 7 0
985 991 43 26 14
497 738 54 31 28
887 969 4 2 1
272 305 88 70 62
287 848 85 16 8
549 664 63 44 40
68 905 13 9 5
47 473 78 69 68
601 697 76 69 62
663 863 73 28 19
774 945 70 26 12
634 825 41 27 15
180 586 64 60 59
653 715 5 3 3
338 465 52 41 37
79 774 25 11 7
982 993 13 12 12
401 470 20 16 12
678 710 11 8 7
779 808 86 54 37
800 979 85 30 18
319 975 95 73 60
925 929 16 8 6
879 966 52 26 26
95 768 92 64 45
661 846 13 10 7
245 806 30 25 25
860 867 24 21 20
19 272 80 62 56
454 798 75 35 32
640 812 92 43 40
820 982 70 70 70
471 628 44 40 38
985 987 17 7 0
376 651 43 8 8
278 713 30 27 25
334 843 98 94 90
774 824 86 38 26
266 722 97 86 84
848 982 65 37 33
123 589 29 28 27
654 757 43 21 15
938 989 24 9 7
329 809 66 54 54
791 893 10 1 0
534 1000 54 50 50
102 175 22 22 22
486 631 23 19 19
528 700 1 1 1
433 728 66 49 32
578 709 54 54 54
738 929 64 42 20
419 595 100 68 47
94 962 14 5 5
391 633 40 22 21
944 984 58 11 8
474 936 63 53 47
943 973 49 15 8
391 962 14 4 4
124 627 2 1 1
947 974 2 1 0
730 945 48 46 45
810 917 96 40 13
341 907 34 31 31
647 777 60 37 25
586 855 78 38 34
509 981 67 36 24
581 681 96 70 44
567 942 96 71 70
106 420 12 4 4
787 795 13 7 5
813 950 94 11 2
205 445 97 70 67
575 698 0 0 0
932 970 28 18 13
419 658 29 3 1
955 985 32 26 20
669 730 77 61 49
516 683 68 7 4
688 962 98 58 46
60 321 1 0 0
239 394 34 14 1
770 885 93 52 34
98 524 73 38 33
489 971 70 4 3
402 827 62 37 33
651 966 38 21 11
500 567 89 58 51
610 834 90 50 41
170 210 79 73 73
693 863 34 24 23
653 740 94 88 87
221 486 59 44 41
560 698 75 6 6
318 328 50 41 37
528 579 20 9 6
432 445 28 15 14
428 611 92 84 76
616 692 25 22 22
114 960 41 41 41
447 571 34 20 7
844 965 21 17 14
549 618 8 8 8
351 845 30 25 24
436 983 57 50 50
594 839 82 41 32
959 967 52 18 12
15 831 41 31 26
167 498 59 27 3
448 665 96 70 61
177 823 66 34 12
524 803 98 79 68
182 677 14 3 0
896 948 36 19 18
672 810 31 16 3
953 956 95 57 46
193 951 74 60 53
334 678 90 72 70
615 984 19 7 3
688 744 72 20 7
231 340 40 36 32
493 846 24 14 7
94 550 26 5 4
131 983 30 9 4
387 693 50 34 26
577 599 92 52 33
523 975 88 46 37
648 991 54 31 19
675 853 83 54 51
161 884 31 22 13
768 971 39 15 1
439 959 27 20 19
409 600 20 11 7
824 938 1 1 1
463 766 13 2 1
426 672 8 4 4
601 801 11 5 3
470 743 64 59 54
480 909 100 72 70
608 792 42 5 3
796 930 28 19 13
310 914 14 13 12
281 538 92 62 40
542 642 43 11 7
715 918 41 29 21
378 759 42 19 18
452 772 35 19 13
573 964 21 18 16
572 904 80 70 63
772 871 79 61 43
609 773 33 17 3
67 313 58 24 4
192 993 46 23 12
42 67 41 36 34
441 973 96 26 20
722 956 55 38 27
501 940 73 72 72
557 692 44 37 31
896 898 47 27 23
644 909 13 12 11
573 762 7 3 0
324 809 19 2 1
584 613 44 27 24
511 523 64 37 15
299 597 34 31 31
821 917 3 2 2
499 601 11 5 2
476 569 21 19 18
640 897 41 36 34
415 606 31 11 8
99 192 66 37 36
783 857 87 19 11
28 944 45 28 23
224 547 37 15 13
187 816 44 42 42
912 913 74 58 48
105 115 64 16 12
952 953 68 32 31
679 880 69 62 59
554 789 62 5 4
830 873 40 28 20
638 992 87 51 25
813 842 26 17 11
952 980 80 17 10
150 249 42 27 25
24 630 11 4 0
499 956 59 33 22
666 972 5 5 5
170 759 20 15 11
700 968 20 15 13
293 858 48 22 9
489 876 66 66 66
134 256 52 47 47
302 331 11 1 1
992 1000 83 39 14
951 997 88 68 50
611 863 31 14 11
450 531 50 46 42
850 942 57 44 39
674 772 1 0 0
12 723 22 11 9
279 891 12 8 7
443 534 73 69 68
571 979 2 2 2
342 447 8 7 7
495 723 61 32 8
355 700 22 16 15
3 731 90 81 77
880 935 48 27 15
683 769 15 14 14
729 903 56 55 55
222 680 69 51 43
495 647 79 65 59
301 379 32 12 2
573 930 24 19 16
925 934 1 0 0
99 716 16 10 6
685 759 34 27 27
420 681 85 22 10
371 405 22 21 21
734 983 94 70 62
406 548 72 72 72
471 669 70 22 6
301 662 83 25 7
357 974 57 48 40
902 995 46 45 45
193 508 20 13 11
376 575 88 47 17
946 982 17 4 2
231 515 50 11 9
529 898 71 51 48
822 839 27 4 0
769 991 10 9 9
369 721 5 4 3
883 918 8 4 3
837 953 59 56 56
803 921 70 27 23
554 595 20 18 17
223 971 68 35 26
143 169 38 29 28
776 861 31 12 3
594 807 28 21 15
120 909 45 29 18
979 997 36 15 15
16 128 64 61 61
412 974 2 2 2
904 959 82 25 12
65 792 26 24 23
305 820 93 45 27
263 891 43 28 27
54 143 55 40 29
48 428 85 74 69
499 882 95 70 57
908 960 91 68 53
304 399 45 37 33
490 827 37 6 0
108 575 44 43 43
195 695 96 72 58
224 586 77 60 58
839 885 24 8 1
394 424 80 44 24
849 909 63 58 55
367 644 23 20 18
909 927 80 66 64
582 901 74 60 54
310 712 11 7 3
719 749 74 16 1
692 911 19 11 5
593 804 79 45 33
318 521 3 3 3
515 847 16 1 0
625 638 23 10 1
48 323 83 49 44
307 582 48 44 41
604 984 5 2 0
511 866 56 26 19
975 1000 74 64 63
320 671 69 52 43
135 789 17 9 9
596 759 17 17 17
153 351 52 37 31
151 813 1 0 0
843 854 74 65 65
375 809 71 53 42
937 943 43 37 33
854 995 5 5 5
660 866 29 21 16
915 963 27 18 14
679 945 5 3 2
952 990 14 8 8
161 761 60 28 25
56 342 21 15 9
464 660 72 71 70
872 881 34 4 0
456 647 53 28 26
587 805 47 37 32
608 922 88 43 16
58 464 41 31 27
227 735 91 82 78
654 799 48 44 41
20 668 32 29 28
934 968 66 34 23
912 973 71 54 46
243 267 79 57 49
432 984 87 47 41
152 627 32 8 3
559 945 88 45 36
986 987 97 93 90
939 961 22 16 12
831 923 5 1 0
624 932 45 32 28
650 691 3 2 2
518 952 29 21 17
309 510 88 84 81
951 963 15 12 12
596 852 33 32 32
678 914 22 16 11
632 660 73 65 61
532 666 68 35 24
929 968 37 15 13
691 824 73 58 50
630 917 100 38 28
914 957 57 42 28
37 703 39 31 25
36 749 88 60 48
93 280 18 16 14
551 936 5 5 5
874 883 85 59 52
629 862 64 40 23
187 559 15 15 15
193 385 20 2 1
388 965 55 48 44
648 958 85 78 74
776 995 73 29 24
201 743 76 55 53
745 830 60 43 35
212 751 88 11 8
818 956 18 9 8
793 970 13 12 12
15 940 23 3 3
649 690 23 10 3
800 964 8 6 4
126 916 4 3 3
57 576 31 17 10
675 790 90 43 4
935 981 3 3 3
658 750 31 22 20
177 246 68 49 46
976 989 17 13 12
560 691 4 3 3
976 981 51 47 44
68 308 45 25 18
945 966 30 21 18
405 704 34 12 6
859 992 7 2 0
643 647 78 45 30
972 994 27 18 13
332 429 10 6 3
543 963 61 58 58
134 407 33 18 14
719 861 79 66 58
111 251 70 61 57
365 904 10 5 5
496 942 68 31 28
266 347 15 12 12
760 902 33 16 7
9 138 68 47 40
41 838 15 3 3
475 994 34 26 23
691 995 86 54 52
215 569 31 4 1
846 880 41 29 21
868 892 36 4 3
695 875 13 6 5
490 857 13 11 11
407 647 67 59 52
39 302 22 13 4
89 391 97 83 81
487 960 95 93 92
268 977 36 20 8
492 998 20 18 18
945 996 26 26 26
710 804 0 0 0
950 964 61 43 35
133 999 16 12 12
641 865 74 49 43
621 901 89 35 24
692 816 93 45 44
566 629 1 1 1
876 979 31 15 15
755 756 79 63 61
986 998 11 5 0
380 923 83 46 38
676 741 30 15 11
497 664 78 38 35
900 906 37 28 26
195 805 34 19 17
958 976 95 84 81
180 889 54 37 30
812 911 86 10 1
621 778 39 37 37
515 942 45 35 34
397 869 35 33 32
919 1000 19 14 14
829 854 84 72 70
451 568 30 18 11
199 960 72 52 42
3 91 86 54 30
20 575 2 0 0
666 760 24 0 0
638 701 97 91 86
36 305 21 19 18
846 925 60 50 43
303 757 35 8 3
708 916 61 27 13
850 994 73 30 0
105 663 83 69 65
116 265 18 18 18
19 459 92 79 78
872 974 10 10 10
827 899 71 24 5
851 931 55 24 5
322 850 10 7 5
119 434 61 51 43
538 708 64 11 3
937 987 8 7 7
91 159 91 63 56
226 910 50 34 22
471 723 14 10 7
202 449 60 47 44
816 893 42 23 6
525 669 75 49 49
484 659 37 18 10
68 901 99 92 89
745 815 18 12 11
642 671 52 42 39
339 352 67 23 8
231 642 71 31 20
567 823 83 56 38
468 913 29 3 2
477 811 29 22 16
54 379 39 33 31
617 742 87 62 58
22 848 11 2 2
610 865 44 26 24
546 634 1 1 1
959 962 9 8 7
159 937 16 10 7
552 566 25 18 11
377 743 7 5 3
27 891 60 7 6
902 999 51 24 19
230 457 27 25 24
88 311 30 24 24
171 742 57 36 23
353 676 63 35 23
646 689 72 5 3
871 877 95 67 55
846 847 98 81 71
538 829 57 43 32
438 484 20 5 5
455 997 51 36 26
295 601 22 4 4
102 600 16 9 3
787 981 95 91 88
480 701 45 20 14
226 888 83 27 27
914 934 58 17 10
869 880 57 51 48
11 39 86 25 16
171 262 34 33 33
