400 5000
42 370 39 19 19
57 167 48 34 32
395 399 21 17 15
9 387 18 11 5
176 305 7 2 2
76 130 34 26 19
298 334 88 80 76
396 400 34 23 16
116 324 49 32 18
310 376 60 28 24
40 193 26 13 6
46 235 49 33 27
220 295 58 25 17
389 396 58 28 15
259 383 57 27 0
251 352 39 36 34
35 53 66 57 57
145 218 5 4 3
351 362 80 56 32
83 102 47 15 5
201 369 92 66 62
224 232 78 62 55
308 391 66 59 58
19 323 57 52 52
148 374 49 18 12
176 247 19 17 15
175 260 41 33 26
252 397 44 34 24
142 373 36 12 11
300 323 5 1 0
154 253 17 11 6
134 332 97 60 50
337 389 70 57 46
288 316 35 20 19
242 296 83 47 35
190 224 34 5 5
126 254 99 62 53
396 398 54 43 35
260 359 20 11 8
64 76 58 56 54
159 382 48 42 41
223 297 20 10 2
16 148 73 73 73
69 236 88 32 23
294 307 7 7 7
133 318 61 38 34
270 379 92 37 35
159 238 56 28 28
348 351 74 28 20
353 356 63 37 26
383 398 13 8 6
155 265 15 14 14
299 344 92 59 48
233 375 56 17 11
326 348 53 37 34
274 306 13 10 7
76 157 45 27 16
386 397 8 5 4
314 371 36 18 18
6 322 81 76 74
19 59 100 58 57
369 382 63 31 25
309 332 3 1 1
382 387 81 41 40
164 217 73 28 10
151 379 28 25 22
313 374 43 43 43
91 254 94 46 40
21 271 80 6 3
89 93 20 17 15
367 385 79 55 41
13 91 78 62 49
203 305 54 31 11
362 376 34 17 8
144 150 45 45 45
150 248 0 0 0
86 158 32 25 19
72 114 69 46 26
164 394 67 42 35
73 86 92 89 88
283 369 63 62 61
370 391 92 25 5
295 331 63 47 35
132 166 77 8 2
42 194 5 4 3
69 312 4 3 3
131 297 20 10 6
99 120 47 46 45
26 382 89 35 35
389 390 13 7 7
61 153 42 14 4
256 285 66 57 56
119 240 34 25 18
283 286 48 47 47
2 55 41 24 23
136 201 37 11 6
372 389 23 15 13
335 392 91 41 15
153 382 45 35 32
258 399 13 9 9
58 261 79 28 25
80 178 24 10 6
126 374 53 24 2
386 391 86 43 16
292 371 15 7 6
177 232 32 10 6
186 271 10 7 7
5 26 20 18 16
57 239 67 35 33
121 149 79 21 13
281 332 91 90 90
35 49 99 85 76
45 184 68 60 53
326 386 64 49 49
130 284 9 3 0
196 296 34 25 24
212 384 20 18 17
186 238 73 37 26
283 316 89 60 58
363 394 73 57 54
349 362 88 80 73
34 54 68 39 37
340 366 99 67 60
249 260 39 26 14
101 356 47 30 29
71 103 25 15 12
235 274 66 49 47
186 259 45 24 18
390 394 18 8 5
262 339 36 23 16
298 386 94 13 9
119 255 48 39 35
133 354 48 37 33
364 384 39 28 19
388 394 64 49 44
239 252 17 12 9
68 260 44 22 21
33 42 1 1 1
241 256 47 21 12
365 371 59 16 11
264 322 53 39 29
85 344 96 86 81
307 372 91 50 31
210 315 35 11 7
271 328 15 6 5
201 343 43 19 18
348 372 51 19 4
336 376 23 13 10
320 358 37 24 22
49 300 18 16 14
182 251 38 38 38
37 276 74 65 64
152 195 85 76 72
14 249 77 64 56
37 246 61 29 26
293 397 66 31 2
270 287 95 45 20
365 393 60 7 4
353 373 65 7 2
51 290 97 73 72
252 387 88 25 4
49 133 51 20 12
160 219 30 22 16
14 303 9 6 4
261 273 50 33 21
70 181 12 5 2
237 261 84 66 53
142 375 34 7 6
392 393 67 54 50
231 265 21 4 4
216 314 57 45 43
169 319 65 59 56
355 388 76 36 4
26 30 70 59 51
164 323 68 64 64
356 375 15 11 10
12 311 53 13 13
338 385 82 51 26
209 397 42 41 40
150 285 62 30 12
228 346 44 11 1
178 229 96 74 74
263 330 2 2 2
331 334 82 39 35
19 351 66 62 61
182 248 42 4 1
369 376 67 6 4
104 345 20 13 7
319 332 2 0 0
366 392 24 8 1
117 136 26 20 15
156 241 72 39 13
194 323 42 21 12
316 328 11 10 10
28 355 50 43 37
265 287 99 18 13
190 338 75 42 20
283 398 66 56 53
159 323 83 28 19
260 335 38 23 15
105 375 81 52 46
389 399 98 53 38
394 398 75 39 38
166 390 26 24 23
38 254 14 2 2
209 248 32 18 16
187 199 60 32 11
246 399 22 15 13
169 339 67 48 37
166 356 70 52 52
253 269 88 17 14
173 319 7 2 2
115 180 60 12 3
79 221 42 20 14
325 391 89 38 33
87 384 24 18 12
180 348 10 9 8
85 379 49 3 1
299 318 81 70 69
113 269 12 8 5
311 378 44 39 39
378 386 28 17 10
349 361 15 8 8
169 327 9 0 0
137 329 82 51 47
46 187 65 58 53
292 309 66 52 43
270 362 84 77 71
80 378 26 21 16
325 389 91 30 1
364 374 41 26 17
257 331 24 15 12
180 400 76 72 70
134 388 6 3 1
162 216 14 13 13
373 396 11 6 2
80 265 59 30 11
281 366 81 18 14
388 392 30 7 4
395 396 28 9 2
35 398 32 30 30
117 134 69 58 49
171 198 51 50 50
61 394 72 40 38
222 298 74 38 13
136 399 15 13 12
343 345 66 25 8
337 342 75 46 45
207 297 5 0 0
177 400 97 74 54
335 336 45 27 12
26 400 17 14 13
23 236 29 16 3
290 356 14 4 4
301 309 37 23 9
355 381 27 26 26
214 343 36 4 2
311 323 74 17 5
143 322 39 17 7
314 388 51 47 45
226 244 61 36 21
176 344 43 26 23
328 343 65 44 23
232 344 28 25 23
352 388 82 50 33
392 397 49 0 0
288 318 87 71 63
55 78 83 64 56
286 325 58 40 39
286 364 77 68 68
369 391 57 18 18
330 390 56 27 19
187 272 18 16 16
95 183 71 55 49
162 259 17 5 5
371 392 9 2 1
391 392 12 7 5
394 400 28 20 19
197 315 7 5 5
124 361 86 70 61
94 389 46 36 27
265 306 0 0 0
166 225 40 38 38
57 141 75 34 27
279 365 32 17 4
205 392 82 45 29
374 391 20 10 9
381 400 52 37 27
42 398 15 12 12
374 398 43 31 21
181 267 78 58 56
164 290 8 5 4
249 377 12 11 11
333 336 42 9 5
157 265 14 10 6
227 308 70 62 57
57 372 55 7 5
193 229 79 53 32
168 241 70 15 10
161 337 65 22 16
313 390 41 35 29
52 393 71 15 3
391 394 7 6 5
191 212 47 35 35
265 356 39 26 26
98 124 13 11 11
39 364 22 22 22
217 400 31 28 27
163 183 74 20 6
166 289 71 41 38
132 200 45 30 16
189 337 79 11 0
373 395 74 68 65
60 360 89 60 55
190 376 36 28 24
19 260 60 28 28
152 300 77 69 68
155 375 41 20 18
214 337 81 53 33
200 224 77 69 64
208 357 40 15 9
292 297 0 0 0
79 392 61 39 31
365 395 57 56 56
138 199 60 35 26
326 382 80 77 77
152 362 42 40 40
372 375 60 35 31
102 253 17 9 7
134 342 23 17 15
13 347 28 24 24
313 385 16 13 13
272 386 4 2 1
131 391 31 20 20
125 330 92 69 60
237 313 26 6 3
176 207 95 88 87
60 184 91 23 22
198 393 33 11 7
311 362 85 51 21
275 366 31 4 0
27 234 100 28 7
273 284 47 31 22
200 396 77 70 70
230 350 4 1 1
7 381 81 39 20
133 363 30 24 23
324 353 43 15 6
381 390 29 21 17
136 385 87 44 23
290 344 94 8 7
94 276 26 3 2
44 338 55 38 32
203 297 25 19 15
335 380 69 57 51
250 345 86 23 3
88 388 61 50 44
329 335 91 13 3
268 302 92 45 38
149 178 76 11 6
269 374 22 19 18
338 357 30 15 7
179 383 6 4 3
161 163 48 28 28
97 316 63 33 27
168 243 87 81 78
55 161 72 63 54
366 371 4 4 4
44 190 72 37 33
351 392 75 25 3
218 253 15 6 0
146 400 2 1 1
251 328 26 10 2
346 348 55 48 44
24 320 86 44 15
371 394 19 8 4
191 255 63 13 3
319 357 97 24 10
53 108 55 48 47
159 353 60 11 4
158 265 98 79 66
256 269 14 6 0
1 253 93 31 15
346 347 10 8 8
382 389 67 54 47
387 395 36 15 8
293 335 8 6 5
240 245 68 24 11
228 250 84 45 41
69 310 66 24 11
223 298 70 51 43
153 322 66 35 13
253 361 48 25 19
369 383 18 5 4
235 280 26 5 5
29 231 25 22 22
170 382 39 20 8
260 272 38 30 30
23 218 77 55 45
375 397 67 20 17
71 186 60 36 34
389 400 42 10 1
279 345 9 7 6
35 70 74 56 39
331 391 15 13 11
305 340 63 54 48
70 338 76 25 9
226 328 56 45 38
249 363 31 11 2
8 156 66 39 23
312 339 19 12 10
95 363 79 78 78
272 346 98 42 27
249 294 92 79 71
120 285 86 60 55
277 280 27 23 23
334 342 17 10 5
148 372 3 2 2
12 295 77 74 72
261 281 10 9 9
90 217 86 61 49
329 371 40 7 5
313 373 74 25 13
382 390 66 39 35
163 254 32 28 25
136 266 96 32 7
36 58 43 39 37
22 79 38 20 19
145 326 23 22 22
262 300 54 21 13
80 334 9 2 1
312 371 85 66 62
20 141 66 27 24
48 238 53 24 0
175 301 84 33 26
387 399 39 39 39
364 395 71 34 31
244 376 33 28 25
395 398 39 29 29
337 383 22 10 10
56 384 76 56 50
26 167 16 6 5
307 325 24 11 4
241 355 22 15 8
127 194 53 22 14
78 291 83 62 53
259 334 98 78 69
49 221 79 38 37
19 395 53 32 25
246 364 12 11 11
248 297 74 14 7
226 298 87 25 16
48 336 53 50 48
334 353 42 25 24
181 349 90 68 52
202 296 44 18 9
49 169 69 63 62
70 265 27 11 11
218 360 36 19 18
356 381 56 44 42
175 388 13 5 0
293 302 39 10 5
117 337 0 0 0
55 371 8 3 2
28 217 53 45 38
175 373 8 6 4
207 274 59 45 42
67 379 48 36 35
194 386 68 25 18
320 349 2 1 1
172 256 11 3 1
222 346 63 29 19
331 370 25 17 13
171 314 46 39 34
58 213 54 42 35
287 385 96 71 67
85 163 98 71 59
163 223 75 55 42
1 205 67 60 58
323 382 7 6 5
291 373 9 6 6
92 232 99 82 76
236 319 61 51 51
55 173 51 10 8
184 374 2 2 2
345 385 72 35 20
366 391 19 17 15
357 383 2 2 2
315 349 62 59 57
272 366 26 9 9
328 369 75 45 35
2 104 88 70 64
8 12 8 7 7
77 250 8 6 6
60 258 100 67 54
104 149 72 9 2
305 387 49 40 31
309 352 64 59 57
180 355 73 44 34
226 288 46 38 33
226 246 36 12 12
6 65 91 81 79
17 111 61 46 39
316 341 68 64 62
144 356 13 9 9
42 339 14 8 5
297 324 65 27 15
147 225 35 10 10
149 204 95 27 25
144 347 95 82 82
298 339 64 56 53
183 397 86 35 13
323 367 6 1 1
279 344 60 26 14
4 11 65 52 50
135 201 84 70 69
114 196 55 29 10
30 113 5 4 4
277 346 13 13 13
333 387 80 38 24
147 380 31 30 29
297 386 6 6 6
302 338 66 63 62
281 307 83 48 41
80 94 41 23 15
219 354 88 48 32
129 392 94 45 11
115 225 17 12 8
216 380 28 24 23
372 385 31 18 13
58 137 58 46 42
112 381 26 7 3
349 389 13 8 7
195 221 4 2 0
54 155 0 0 0
378 392 3 2 2
304 395 34 18 2
7 254 87 51 25
171 299 71 71 71
333 365 74 19 16
214 217 75 70 66
372 384 67 50 44
140 388 55 45 45
303 389 30 27 24
221 241 57 38 27
374 389 92 36 30
355 365 3 2 2
235 378 55 29 18
108 129 57 32 31
201 284 47 40 35
82 125 9 0 0
43 391 78 57 37
377 380 43 25 19
350 361 57 13 3
242 292 32 21 16
376 384 48 46 45
380 393 74 30 30
240 348 11 11 11
266 375 19 18 18
199 341 43 30 26
218 291 42 37 37
210 235 81 56 43
256 263 38 30 29
137 155 95 41 24
246 282 60 51 51
213 219 93 63 51
281 339 100 98 97
59 90 12 8 8
220 257 70 41 17
358 364 82 61 56
222 246 30 11 3
195 380 61 46 36
327 399 14 8 8
64 107 79 75 71
324 387 65 55 54
250 253 12 12 12
172 376 5 1 0
311 346 56 17 14
123 125 16 3 3
125 222 48 45 45
107 260 52 42 41
303 374 47 9 0
311 387 45 20 16
39 47 72 40 39
205 249 77 71 67
203 319 62 29 21
108 274 81 63 55
386 394 75 46 31
43 229 93 73 64
232 394 78 23 5
93 134 14 7 3
5 274 53 51 50
376 379 80 53 51
375 394 87 18 5
370 379 100 44 19
341 349 83 74 73
178 209 45 17 1
98 111 92 23 22
382 393 78 31 11
299 323 86 57 35
119 370 50 48 47
350 354 87 51 44
322 379 25 17 11
248 334 24 17 12
68 121 9 1 0
130 365 40 37 37
181 205 74 58 54
132 363 63 54 47
337 400 74 70 66
229 272 5 2 2
372 391 68 47 45
147 222 13 11 11
303 321 88 60 41
161 223 81 24 24
166 191 4 1 1
394 399 14 11 11
118 146 44 9 6
131 274 80 42 26
224 330 52 51 51
14 366 63 37 30
350 352 67 37 27
321 377 57 55 54
183 268 100 48 46
105 106 86 41 20
335 386 66 30 29
356 386 42 37 35
213 318 53 7 3
253 279 49 26 5
88 377 51 29 14
375 376 66 55 55
146 170 31 10 6
248 302 66 45 37
380 388 100 66 54
82 153 8 7 7
115 384 9 9 9
226 310 41 34 31
304 305 62 59 56
229 379 11 7 5
289 378 86 23 8
153 216 90 41 38
162 384 32 27 24
103 262 36 31 29
82 286 47 14 0
114 271 79 45 28
51 169 2 0 0
296 366 85 55 43
15 54 84 76 73
26 244 18 8 8
158 371 55 22 12
371 372 6 5 4
174 290 70 38 37
64 267 84 54 52
272 326 98 59 45
13 255 83 53 26
20 68 36 14 13
59 350 40 20 9
74 281 76 61 59
170 194 0 0 0
244 282 65 49 49
368 390 26 22 20
136 164 76 56 44
188 275 90 78 68
138 351 35 10 2
238 293 10 7 4
63 319 68 50 32
380 396 100 60 56
209 356 86 44 21
16 64 26 17 8
89 275 60 37 26
313 392 61 33 24
184 213 97 74 71
141 203 88 46 46
90 231 58 13 7
391 396 91 75 72
210 360 37 31 27
328 384 80 41 31
247 266 92 38 36
285 358 13 9 8
196 282 35 28 24
119 294 78 60 52
137 327 42 25 23
256 302 82 62 59
110 297 31 20 12
209 269 74 71 71
111 396 64 52 51
102 267 79 59 59
165 375 0 0 0
202 317 15 7 4
122 391 72 49 43
70 262 63 62 62
209 313 100 97 96
12 266 17 15 15
327 387 79 53 50
287 396 5 5 5
372 398 0 0 0
42 212 6 5 4
212 327 1 1 1
145 204 43 38 37
157 200 43 17 15
399 400 78 70 63
67 344 70 35 14
150 382 89 34 28
38 175 72 46 35
331 397 73 35 13
359 373 74 73 72
204 256 12 10 10
274 308 49 43 38
132 252 57 44 31
201 345 14 11 9
19 106 27 26 26
365 399 34 16 3
360 394 12 7 4
226 255 41 39 39
161 307 90 37 18
233 295 77 77 77
330 336 78 37 9
241 375 33 28 23
15 324 55 17 8
250 311 14 8 5
242 396 80 39 37
78 353 69 57 57
329 338 44 40 39
142 312 81 30 3
81 176 16 13 13
379 382 74 34 7
353 368 73 36 14
344 398 8 2 2
338 384 95 36 13
228 311 23 15 14
18 251 79 45 11
384 391 87 33 10
12 57 54 28 6
186 263 47 42 39
174 367 21 10 7
323 390 99 85 85
247 317 17 5 0
193 372 64 47 43
197 281 56 25 6
318 396 18 10 7
158 230 50 18 11
167 319 22 10 2
353 397 57 36 34
60 147 83 6 3
84 397 26 3 3
192 388 83 56 46
158 271 22 9 8
175 286 13 6 1
54 151 60 10 3
273 340 21 7 7
5 384 42 24 22
108 148 96 20 17
290 371 94 42 21
19 318 14 5 5
199 278 34 20 16
324 390 26 19 18
205 232 51 44 39
267 369 32 14 7
196 349 79 64 51
242 246 10 8 8
75 267 38 22 10
261 396 39 27 27
88 246 25 17 10
89 220 30 12 2
248 354 29 15 2
251 345 1 0 0
166 330 71 53 36
345 363 11 5 3
381 394 61 23 18
25 185 87 11 11
61 370 69 38 23
263 300 33 21 9
135 275 47 33 19
1 198 39 27 17
366 378 22 10 9
245 285 53 31 28
61 79 37 19 9
170 264 23 17 17
165 367 9 3 2
137 362 26 17 14
137 253 41 32 23
207 287 24 18 17
50 74 32 30 29
95 382 40 38 38
294 354 90 74 65
248 368 24 23 23
188 264 4 3 3
218 309 19 10 6
387 400 16 9 9
234 240 82 55 28
250 289 14 6 3
328 349 56 37 23
335 396 44 32 31
91 383 14 7 7
183 224 12 11 10
304 364 11 9 7
98 344 10 10 10
176 392 62 24 21
322 370 21 16 15
176 255 37 31 28
238 371 10 7 4
145 180 50 25 18
153 214 42 18 4
336 375 79 34 13
208 241 41 26 21
43 92 27 1 1
334 378 4 1 1
13 157 3 2 2
245 282 12 0 0
257 313 88 55 27
132 362 11 2 2
141 215 69 32 30
118 298 34 28 24
189 265 30 17 14
167 375 76 71 66
122 144 0 0 0
231 292 51 27 12
291 316 40 7 4
80 281 22 6 1
196 258 93 23 5
369 375 42 16 13
229 235 14 9 6
298 304 24 17 15
324 358 21 18 18
97 213 17 12 12
15 348 22 22 22
56 245 49 15 11
263 294 90 67 59
45 269 20 6 5
321 389 38 22 13
255 295 57 23 13
195 334 26 17 10
208 236 95 36 14
51 205 29 16 14
198 376 75 24 0
168 266 84 57 34
51 341 33 11 9
252 377 78 43 10
59 206 55 9 8
65 234 5 3 3
370 378 7 7 7
171 213 52 26 7
2 53 92 44 24
109 152 43 12 2
62 327 70 41 34
69 123 96 45 34
228 248 16 10 8
297 372 85 56 46
313 344 55 33 30
288 334 17 11 8
78 334 92 86 81
42 107 58 6 6
341 391 75 57 49
227 313 70 22 12
255 384 63 30 27
14 181 96 32 19
90 186 0 0 0
60 389 72 65 64
219 373 25 17 15
290 397 7 5 3
364 385 9 6 3
83 271 29 22 20
174 332 80 9 2
17 394 44 18 15
264 373 3 1 0
253 356 4 0 0
29 396 38 23 9
271 335 41 27 19
240 309 22 17 14
220 329 16 6 6
129 236 9 9 9
345 393 42 33 25
98 239 62 49 43
230 305 4 4 4
126 150 95 30 12
33 204 80 26 6
359 388 22 13 5
250 324 32 18 16
125 157 47 44 44
185 229 100 73 69
215 271 36 1 0
145 346 36 24 20
393 399 14 10 10
139 323 73 53 35
126 400 18 15 15
305 315 85 36 28
12 317 62 1 0
342 351 19 8 5
398 400 73 61 56
296 356 13 12 12
49 389 75 47 32
224 264 12 9 9
365 372 95 67 51
48 132 89 34 9
246 396 88 64 53
112 346 61 39 32
366 380 23 22 22
84 129 100 48 18
345 360 96 50 34
391 395 80 58 49
26 234 96 62 54
228 385 5 3 3
386 389 67 55 47
68 323 9 7 5
230 331 38 33 33
73 244 91 58 48
224 310 8 3 2
4 355 4 1 0
188 313 5 3 2
152 338 3 2 2
89 126 21 15 15
24 228 76 36 11
207 329 32 24 21
167 250 52 38 27
279 367 75 39 32
209 238 18 8 8
96 247 65 58 54
259 343 87 56 55
12 45 94 42 42
349 399 17 15 15
46 205 45 32 24
386 388 42 23 23
335 383 18 13 11
248 349 60 60 60
157 384 11 6 4
305 348 78 73 72
286 351 52 22 15
231 396 35 22 11
373 381 41 11 3
179 223 43 17 4
314 343 92 85 85
299 373 63 63 63
136 268 95 46 8
365 380 8 3 0
354 392 77 53 52
128 232 65 26 18
226 319 48 48 48
390 398 80 45 30
103 200 41 8 8
16 152 56 44 35
10 353 93 77 72
305 308 69 44 29
261 327 82 59 53
6 315 14 11 11
205 221 77 42 30
43 387 57 49 49
5 88 45 43 43
205 361 30 16 9
289 296 32 20 18
337 392 0 0 0
332 334 66 48 42
268 313 90 61 39
134 315 86 55 52
307 396 72 51 36
302 377 53 42 39
235 338 55 44 36
313 389 99 83 81
159 372 21 15 14
73 100 29 18 11
322 344 38 18 13
190 305 34 22 10
40 152 84 72 71
11 372 34 10 5
106 197 3 1 1
12 389 30 19 17
100 227 13 1 1
61 127 71 64 61
108 387 83 36 31
257 287 87 36 7
199 369 4 1 0
233 292 78 75 74
119 396 55 4 1
316 324 47 46 46
211 231 19 18 17
243 349 36 12 10
291 398 79 39 34
64 266 68 47 44
114 274 4 1 1
344 369 33 21 10
79 323 8 6 6
59 333 6 4 3
133 281 21 5 1
53 255 75 62 58
27 295 95 51 43
16 291 81 78 75
389 392 94 64 37
109 223 42 12 6
223 334 63 62 62
42 79 98 54 28
56 168 68 51 40
133 367 86 82 79
163 261 91 51 12
227 252 43 10 8
98 161 49 33 33
286 291 36 27 18
340 347 49 47 46
103 307 1 1 1
201 307 4 2 0
167 202 3 3 3
214 302 67 30 25
230 387 22 12 2
108 287 51 36 30
246 291 10 4 1
131 382 68 31 23
252 343 76 59 51
69 211 49 25 25
146 248 89 65 42
212 292 74 43 34
19 334 62 21 16
166 350 52 38 32
5 321 98 85 74
104 397 26 12 8
317 392 87 29 8
55 270 88 66 62
374 392 57 38 26
253 257 58 55 55
263 333 13 7 4
31 114 100 99 98
152 230 34 24 22
369 400 94 57 45
362 400 15 6 6
64 82 59 47 47
319 378 6 5 5
149 330 42 20 10
226 258 100 76 60
35 96 9 3 2
79 246 4 4 4
273 357 78 59 58
45 134 7 7 7
79 128 21 13 8
126 144 81 57 51
264 389 93 30 2
244 297 79 32 27
211 251 14 11 11
64 310 4 3 3
266 390 15 9 9
159 196 13 4 2
298 350 68 67 67
334 386 36 15 15
345 374 60 10 8
126 151 100 44 41
261 333 29 26 23
63 384 24 4 4
16 89 6 5 4
189 273 78 70 65
43 277 74 49 48
313 367 81 29 22
220 367 38 10 7
40 124 61 8 0
9 217 60 29 2
382 392 85 25 25
172 201 2 2 2
42 377 87 9 3
352 359 65 39 38
146 274 1 0 0
224 281 10 6 5
197 349 7 7 7
150 387 65 50 43
140 340 75 74 73
85 239 54 40 40
20 170 97 61 32
269 377 42 39 39
271 379 66 32 18
127 323 64 34 18
16 214 51 11 11
122 384 7 1 1
218 396 31 25 22
180 289 62 43 39
330 349 52 32 25
138 388 43 20 7
298 340 24 19 14
300 338 40 13 13
322 372 77 47 40
174 190 75 43 22
306 342 9 6 3
137 380 59 20 0
221 370 1 1 1
152 398 93 62 43
368 385 94 42 4
310 352 85 67 63
28 246 40 24 22
141 325 75 62 55
61 331 31 7 6
273 367 21 18 18
106 322 63 33 25
62 353 21 14 14
130 154 74 60 53
199 284 37 33 33
291 292 14 9 8
165 206 15 8 6
105 170 70 32 12
112 354 91 53 39
391 398 83 58 44
330 338 17 7 0
23 278 49 39 33
189 388 84 60 50
79 150 63 44 40
77 92 59 53 47
271 366 8 7 7
235 302 37 24 22
364 375 75 37 27
65 317 98 63 44
306 399 88 70 66
130 289 92 69 61
96 329 42 21 17
133 179 88 58 38
22 199 15 10 10
29 54 36 31 31
265 354 78 52 43
143 333 15 9 3
188 294 47 20 9
111 261 43 11 2
266 319 51 38 38
29 273 16 15 14
48 56 73 53 40
334 379 8 7 6
167 206 24 6 4
267 277 44 20 14
247 376 12 7 7
269 380 53 42 42
162 398 48 26 20
200 215 65 32 32
178 283 65 50 50
363 382 9 6 5
279 283 83 52 40
36 377 33 13 12
234 256 68 14 10
147 289 94 24 11
162 238 26 22 19
360 363 50 33 20
286 378 44 27 26
229 251 9 0 0
130 236 32 7 4
264 344 90 61 37
233 294 66 40 25
260 311 83 52 48
193 280 84 76 75
397 400 83 75 74
359 385 24 9 2
61 91 35 7 6
385 392 97 76 76
310 360 87 34 1
255 265 58 41 38
389 397 33 33 33
336 363 31 18 11
391 393 22 8 5
219 314 47 20 12
161 164 65 45 25
386 387 57 40 24
210 279 58 39 33
126 249 14 10 9
36 238 95 72 64
100 387 79 41 17
332 335 3 2 2
253 376 24 10 2
129 344 70 45 38
141 269 17 13 12
18 239 45 38 34
33 366 18 1 1
341 395 76 70 68
299 315 24 20 19
25 95 37 21 15
270 279 91 56 38
259 308 75 38 30
370 382 49 2 1
264 370 63 42 33
72 334 57 47 47
128 166 62 59 59
365 388 62 50 43
102 149 42 32 27
87 292 11 6 6
203 387 66 19 13
333 368 89 31 31
327 343 76 74 74
329 372 8 7 7
228 255 87 58 43
334 394 55 22 19
201 269 33 16 11
40 332 48 37 35
85 271 1 1 1
131 329 13 12 12
253 386 100 90 83
380 390 18 11 6
183 225 67 40 24
167 212 12 2 2
382 384 52 47 44
238 267 45 23 18
121 283 11 4 1
97 391 5 0 0
337 347 29 15 2
271 387 30 16 2
233 240 63 57 53
338 369 54 27 25
303 397 58 43 42
102 272 4 1 1
152 374 18 12 9
353 377 47 17 0
92 378 11 11 11
116 166 8 3 0
289 371 42 28 22
226 359 26 20 18
214 228 16 10 9
371 399 86 20 16
215 290 66 38 38
87 382 26 17 11
86 320 92 36 2
25 268 29 25 21
349 381 15 15 15
232 333 42 34 29
102 278 9 0 0
337 360 0 0 0
256 389 88 51 35
6 359 67 48 35
176 211 14 8 7
375 398 27 4 4
272 361 38 23 11
148 223 14 12 10
1 180 93 30 18
135 330 47 15 8
82 273 9 8 7
396 399 73 24 11
18 208 20 20 20
170 281 42 29 29
11 127 44 44 44
136 174 98 95 94
301 359 10 1 1
226 230 31 2 0
374 390 69 43 33
203 223 49 15 8
97 101 56 42 31
315 320 63 12 1
351 398 5 5 5
336 370 87 79 77
43 213 79 57 45
275 332 17 16 15
253 388 81 40 17
40 267 14 5 5
207 225 37 15 1
359 386 38 29 22
304 332 7 5 4
25 303 65 58 58
355 370 67 60 56
194 223 19 13 11
289 355 95 94 93
348 359 49 48 48
394 397 69 44 37
360 380 40 23 21
341 362 93 88 84
338 344 35 25 25
5 168 70 61 56
215 338 99 51 18
328 376 96 57 36
204 286 26 8 5
387 396 53 51 51
199 261 69 49 38
150 250 24 18 17
272 340 34 32 31
94 218 85 84 83
146 284 83 39 13
204 296 37 33 32
93 298 90 57 48
109 186 45 26 19
27 81 81 29 19
25 308 35 23 17
230 317 61 57 57
144 386 57 27 13
107 115 81 80 80
163 255 85 62 47
331 400 15 14 14
50 138 12 8 8
15 225 98 71 48
81 375 44 37 36
371 393 91 49 11
208 330 50 49 49
149 244 59 51 49
139 142 72 15 15
15 156 67 43 27
130 224 79 23 4
50 118 6 5 5
358 394 35 20 17
252 324 16 14 13
204 234 9 5 2
135 386 16 14 13
29 250 5 2 1
282 294 96 41 24
35 145 91 31 10
207 312 77 72 72
132 216 92 68 54
167 396 45 11 0
155 365 69 50 48
148 289 85 44 3
230 291 14 5 3
221 328 84 37 14
157 173 2 1 0
35 305 85 71 58
300 345 93 54 29
302 374 87 58 57
376 396 86 42 14
41 90 81 45 18
164 302 23 9 2
240 310 89 55 45
105 297 3 2 1
248 329 82 57 49
62 142 58 54 53
51 157 41 30 20
355 367 84 24 21
246 310 0 0 0
268 376 37 25 23
225 389 8 4 3
380 399 25 16 10
279 296 88 51 43
312 372 73 18 10
47 144 8 3 1
374 394 76 41 8
332 336 15 15 15
61 124 3 1 1
45 273 89 15 6
157 236 9 6 5
75 232 52 36 29
278 337 48 29 27
255 315 4 1 0
234 292 2 1 1
319 359 4 1 0
300 397 21 11 8
361 364 62 57 57
197 295 55 32 26
34 189 75 43 39
60 136 42 41 41
18 200 64 15 13
1 263 21 20 20
288 346 46 26 22
139 164 82 18 17
267 281 60 20 4
90 144 67 40 29
128 309 62 55 52
58 212 74 46 25
13 89 30 28 27
374 384 75 32 32
231 358 85 42 36
209 364 33 28 25
156 346 96 79 66
213 227 86 43 16
208 234 70 50 32
268 296 92 28 20
41 227 60 51 47
353 394 84 73 64
129 332 100 82 64
235 237 12 2 2
360 368 23 15 14
298 301 72 33 22
115 130 62 45 36
378 398 14 8 4
330 387 79 78 78
121 231 60 43 34
297 380 61 20 12
283 357 92 63 58
327 337 30 24 21
90 175 43 24 23
130 383 27 21 17
59 134 29 20 18
189 313 90 59 39
224 254 49 33 25
345 382 5 3 3
20 32 22 13 13
323 356 18 2 2
84 180 93 22 19
66 303 40 37 34
3 284 92 63 40
158 307 43 17 1
116 214 23 22 22
182 367 5 3 3
380 381 35 17 16
351 360 27 18 14
271 283 18 13 10
305 324 1 1 1
311 335 27 5 2
335 387 43 17 14
349 360 57 20 20
345 359 43 35 33
84 193 85 61 40
47 384 88 41 31
293 374 45 32 23
230 377 71 70 69
374 376 50 10 8
16 26 17 15 14
211 278 4 3 2
253 370 18 7 3
221 310 1 0 0
357 397 98 34 1
41 282 62 38 22
348 352 15 12 10
378 399 9 4 4
54 331 74 46 20
373 387 22 10 5
381 396 9 3 0
44 309 42 30 26
224 376 38 32 29
164 233 91 71 66
369 397 48 34 24
222 316 29 27 26
315 399 1 0 0
358 395 94 53 15
92 317 3 2 2
176 298 21 15 14
320 373 83 26 23
245 296 18 9 2
249 355 36 26 20
187 212 63 50 46
312 391 74 74 74
355 368 65 44 35
114 366 28 14 14
379 383 47 22 12
284 353 9 9 9
180 272 68 47 38
312 352 34 25 18
22 310 55 22 5
146 175 51 25 24
386 398 85 55 38
131 313 9 7 6
312 389 90 28 24
356 394 60 1 0
144 191 41 8 0
9 250 8 4 3
49 81 33 28 25
172 348 51 35 34
254 314 41 19 13
84 260 79 40 35
255 367 46 26 12
141 396 24 22 22
9 330 1 0 0
175 212 26 21 18
140 237 16 7 6
16 120 87 86 85
80 392 63 42 23
183 302 11 9 9
51 273 61 51 50
218 290 11 11 11
34 89 47 47 47
321 398 78 32 27
282 326 80 46 40
287 295 51 23 8
393 398 89 67 63
58 276 16 11 8
245 288 60 55 54
323 374 37 35 33
95 199 38 24 16
23 157 43 25 22
377 394 100 44 2
267 320 52 38 27
174 397 86 40 9
34 180 41 25 11
338 361 41 40 39
122 353 99 58 33
344 368 88 62 54
304 330 36 31 27
272 345 79 69 66
170 328 60 19 4
183 281 2 0 0
97 201 74 37 24
25 117 52 11 4
134 164 68 64 64
384 399 16 15 14
12 245 78 45 14
363 366 31 22 18
5 260 38 7 3
362 377 42 25 23
271 398 21 6 5
170 183 47 20 4
49 383 34 32 31
62 319 14 10 6
348 391 99 55 44
308 363 100 59 19
35 109 70 30 23
181 378 10 5 3
242 397 55 49 47
285 306 30 5 4
32 222 86 46 15
338 348 8 8 8
109 373 57 55 54
112 389 38 35 34
16 365 41 38 38
20 371 92 8 6
201 259 41 21 20
327 400 19 13 7
230 274 89 72 72
76 235 66 20 4
113 154 38 20 14
109 310 12 9 6
366 400 68 17 9
90 243 36 26 20
312 358 15 7 7
5 189 61 31 6
389 394 29 26 24
152 171 19 11 3
150 356 90 52 37
257 333 70 38 16
61 340 0 0 0
88 386 4 1 1
19 396 88 20 8
335 339 90 18 10
188 312 20 11 10
289 348 29 13 6
367 396 98 46 3
392 394 85 8 6
394 396 51 33 26
249 376 30 16 8
145 170 25 8 5
16 327 37 17 7
221 345 96 50 42
2 37 34 11 9
127 386 63 51 51
362 396 12 10 10
189 350 52 25 17
50 236 39 20 6
73 288 63 44 42
208 362 69 54 49
321 324 20 13 13
108 350 21 7 5
241 367 55 11 4
262 365 18 17 16
257 353 76 61 46
33 84 47 13 13
188 222 27 19 19
62 325 2 0 0
393 396 29 24 21
181 344 30 16 6
187 251 56 39 37
244 305 18 14 13
26 220 36 11 2
43 292 10 6 3
13 190 47 32 31
7 289 78 34 29
5 115 20 14 10
244 382 11 2 1
272 316 22 21 21
56 196 14 8 6
197 219 80 80 80
281 336 15 10 8
372 373 54 31 13
149 264 27 16 10
120 192 10 6 5
245 248 17 11 8
144 213 14 7 5
306 322 76 63 50
339 343 87 40 37
61 303 15 1 1
151 258 23 14 7
39 349 2 2 2
189 296 3 1 0
3 11 17 16 16
163 228 85 57 44
205 214 86 82 82
347 379 31 30 30
153 369 64 31 16
144 184 49 42 36
71 225 90 35 33
220 236 20 11 4
203 327 62 61 61
284 400 29 17 6
172 279 31 21 11
242 252 88 25 5
117 313 20 2 1
278 343 81 68 66
31 73 51 18 3
200 301 35 33 32
306 338 71 41 13
386 395 62 62 62
365 390 98 55 52
188 365 33 24 23
229 391 81 30 16
219 364 14 4 1
220 379 74 70 70
172 400 20 7 5
225 303 57 25 12
130 159 2 1 1
163 326 76 52 50
310 312 36 10 3
91 291 15 9 9
104 370 12 1 0
158 198 70 39 35
310 374 73 23 16
135 370 39 19 3
213 334 88 62 60
361 390 64 25 15
193 221 38 30 28
140 168 62 30 25
231 384 77 40 14
140 218 49 17 14
137 176 83 60 57
189 228 83 49 21
194 274 80 44 40
318 360 17 8 3
260 334 17 7 6
73 362 56 28 8
22 252 4 2 0
105 323 36 33 30
231 274 66 50 35
43 160 68 52 50
203 275 68 35 12
243 358 15 5 4
253 364 84 68 52
271 293 31 6 3
268 269 80 41 34
304 396 70 34 12
119 259 85 75 70
233 395 50 16 6
77 172 24 22 21
199 343 95 85 78
282 387 99 28 17
83 264 95 47 34
366 382 23 18 13
85 272 41 27 24
37 347 92 57 36
66 127 46 26 19
330 374 45 25 16
56 146 56 52 49
356 362 27 27 27
66 106 92 69 68
322 331 16 4 2
269 383 83 24 3
81 129 1 1 1
257 297 100 92 88
157 222 52 49 48
109 259 30 28 28
252 398 34 4 2
328 360 66 1 1
147 385 50 15 1
48 194 79 36 22
83 208 94 86 81
1 160 28 8 7
220 369 56 14 6
57 279 4 3 3
156 168 39 16 8
177 238 82 61 42
100 110 76 66 57
287 369 61 15 8
370 371 7 6 5
278 362 60 30 26
191 237 62 7 2
331 332 89 85 84
103 333 15 15 15
378 396 55 51 51
289 379 74 39 36
16 118 25 21 20
307 334 58 24 19
311 321 14 13 12
161 384 80 60 55
319 345 56 36 27
3 131 41 29 28
25 32 80 53 40
350 353 63 37 37
265 308 25 11 10
320 346 70 69 68
290 298 75 57 40
221 254 74 48 37
334 357 27 17 12
346 350 36 31 30
331 383 64 34 23
325 378 6 5 5
212 290 19 18 18
95 326 29 27 27
191 201 18 9 2
173 251 61 8 0
232 339 26 6 4
232 336 55 19 18
257 386 83 51 45
269 311 28 27 27
86 297 39 11 10
19 261 3 1 0
346 378 32 15 12
90 104 93 55 49
348 399 22 12 11
88 214 14 14 14
48 321 32 30 30
35 290 96 63 45
249 367 60 41 38
331 364 85 42 17
1 224 62 51 49
175 245 39 16 4
228 393 25 16 10
243 321 60 59 59
324 341 49 15 8
228 284 78 70 70
289 387 40 3 2
259 328 72 43 42
281 291 33 20 19
381 393 67 25 18
59 269 51 18 12
107 303 14 9 8
18 276 50 37 28
224 289 93 53 43
316 393 82 38 32
15 313 19 18 18
68 330 70 49 45
309 361 0 0 0
231 322 18 7 7
196 299 12 10 10
186 295 18 17 17
378 384 48 5 0
322 365 26 22 19
154 267 73 20 7
323 331 72 30 24
315 368 0 0 0
322 351 17 0 0
327 359 38 14 2
168 195 23 13 7
162 225 36 26 23
182 311 47 44 41
219 228 65 53 50
222 250 16 6 6
54 325 8 6 5
291 361 0 0 0
194 275 98 51 13
169 267 0 0 0
259 282 73 58 44
216 236 20 14 14
344 364 91 85 82
140 183 92 45 34
204 345 93 68 50
353 388 54 27 26
311 379 38 17 15
103 116 3 1 0
281 289 48 29 12
53 301 17 13 10
356 389 22 20 20
376 377 57 20 19
148 364 8 8 8
181 186 47 17 13
249 352 38 30 28
169 265 51 44 43
76 87 95 34 12
339 391 39 20 18
360 383 22 17 16
103 371 55 20 11
53 345 45 19 11
26 343 17 3 3
13 110 19 5 1
145 378 90 82 77
173 254 4 1 1
136 222 55 41 36
316 359 34 14 8
180 375 51 27 12
234 352 96 27 25
48 116 44 40 36
186 328 5 0 0
78 304 68 31 25
330 382 19 13 12
36 57 88 86 85
106 276 14 13 12
171 199 79 69 69
107 370 52 21 9
17 84 28 26 25
329 376 24 10 6
311 366 25 3 3
35 166 40 21 4
32 392 28 16 13
28 303 58 48 44
376 382 58 33 27
180 228 84 36 20
75 234 59 34 24
90 161 95 94 94
90 230 77 25 25
217 278 16 10 10
155 202 11 6 2
128 140 27 11 1
363 371 7 5 5
296 375 87 13 7
261 386 9 4 2
246 397 57 41 41
253 357 81 28 0
257 357 41 20 12
216 231 36 12 2
206 259 33 16 12
260 392 46 39 39
334 360 19 19 19
264 269 8 8 8
134 294 20 13 7
15 117 94 55 23
26 255 90 27 23
72 316 1 0 0
48 278 47 39 35
161 170 25 3 3
264 305 83 58 52
112 182 87 54 52
260 357 38 21 18
53 400 60 21 18
13 192 75 64 60
225 234 47 31 19
264 348 10 5 4
250 376 17 2 1
294 395 51 29 28
144 156 52 51 50
154 246 24 8 2
55 226 86 53 35
344 363 17 5 4
132 201 77 22 17
123 369 54 27 13
302 325 83 83 83
108 348 91 49 10
184 394 91 60 38
240 346 19 12 10
150 350 95 11 2
119 321 63 47 44
24 147 14 8 5
12 344 86 39 29
226 273 10 5 0
150 320 26 13 9
284 387 2 2 2
367 382 79 73 68
221 235 25 14 8
63 68 89 34 14
381 385 18 2 2
170 211 11 10 10
151 305 32 18 4
46 112 55 24 19
171 228 88 77 76
386 392 40 25 11
352 395 94 69 46
163 293 44 10 1
258 371 0 0 0
34 341 8 7 6
277 353 89 71 61
67 387 92 82 74
240 279 4 3 2
165 330 51 47 47
236 347 50 42 36
127 191 95 64 51
4 286 79 68 63
21 248 23 19 18
184 192 82 60 56
341 348 54 4 1
11 164 19 7 6
26 251 34 23 22
178 372 63 57 56
231 338 81 67 66
94 151 36 23 17
178 322 99 43 37
347 373 2 1 1
384 396 73 71 71
384 397 68 34 21
226 337 9 8 8
169 346 82 26 11
109 170 27 20 14
42 84 96 12 11
359 395 22 13 5
378 393 12 7 6
9 263 69 44 40
155 255 84 76 68
252 298 92 44 2
287 350 57 48 45
53 379 73 72 71
207 338 48 26 7
196 396 72 64 61
384 389 86 33 23
144 273 96 70 59
151 234 37 19 18
236 255 5 4 3
218 315 96 95 95
366 390 32 26 25
146 398 80 42 28
346 383 46 17 6
82 320 95 48 3
106 300 42 1 0
290 334 41 38 37
167 273 55 21 18
161 394 98 89 89
390 392 94 49 45
81 83 21 14 7
246 384 65 58 55
181 253 58 28 25
282 377 20 17 17
93 376 26 19 18
81 125 29 16 6
177 294 57 37 37
21 156 36 18 16
126 342 63 23 7
219 321 11 6 6
234 258 66 61 57
76 373 93 33 15
110 149 24 20 18
343 394 78 78 78
197 252 11 8 8
380 395 100 88 85
315 352 75 26 5
277 395 62 19 5
109 200 6 5 5
96 322 88 70 55
36 383 84 61 55
94 371 0 0 0
377 398 90 51 49
2 32 97 62 51
68 233 70 34 31
145 350 35 30 28
341 342 68 55 49
248 395 58 31 22
137 354 51 40 39
39 293 96 51 47
217 262 55 35 16
8 338 36 29 26
229 310 63 63 63
201 311 54 29 26
328 363 11 2 2
94 141 49 28 18
376 380 54 26 20
354 384 63 48 36
10 234 37 19 12
36 355 21 18 18
89 223 92 58 29
289 399 55 47 46
216 252 40 17 3
200 308 66 31 30
235 380 24 22 20
239 281 96 32 19
203 342 70 47 25
200 281 96 42 41
302 398 66 50 36
341 399 62 40 40
64 283 98 95 94
10 211 6 3 1
10 219 7 4 3
18 381 74 45 34
235 298 42 36 32
43 376 73 38 36
348 371 55 24 17
251 303 53 19 19
350 397 79 60 46
270 349 20 19 18
251 322 39 37 36
35 98 47 19 3
294 319 98 41 2
191 335 27 18 10
181 265 87 61 55
221 297 24 4 2
316 350 3 2 1
42 304 99 38 33
355 380 76 66 63
70 329 39 35 31
248 278 46 45 45
253 365 22 21 20
178 231 76 10 6
177 306 71 13 3
150 214 7 2 0
347 376 35 29 27
110 124 38 24 14
130 373 36 19 2
297 392 12 4 4
268 374 6 4 2
317 395 67 47 37
158 368 8 5 5
27 200 85 73 71
109 396 22 5 0
258 306 10 1 1
397 398 60 21 15
274 394 90 52 49
238 333 5 2 0
44 293 5 4 4
129 400 93 24 18
246 349 29 24 23
54 160 39 33 33
362 366 100 26 5
246 351 27 23 20
62 288 13 8 4
392 399 20 19 19
96 143 88 49 43
336 384 11 7 7
101 351 84 78 77
320 354 46 38 33
4 40 37 32 29
245 323 7 3 1
32 171 2 1 1
209 393 59 59 59
41 199 14 6 2
343 379 23 17 14
6 157 58 16 6
330 393 8 8 8
252 332 82 52 46
139 264 65 11 3
277 347 27 12 7
127 214 2 1 0
302 321 75 59 57
165 356 6 6 6
159 265 15 14 14
24 393 94 60 40
324 363 43 28 14
367 372 77 63 54
263 328 88 64 60
135 193 90 66 49
81 133 59 23 3
92 397 70 17 8
176 310 58 25 0
81 395 67 32 11
165 287 47 29 21
220 246 56 26 25
301 393 51 40 34
18 94 0 0 0
240 384 60 40 33
179 324 18 11 10
92 196 8 6 5
228 325 68 49 49
125 168 10 7 5
42 68 91 55 55
129 297 95 58 55
70 334 76 63 51
178 352 67 9 4
86 189 7 5 3
306 349 68 60 58
186 376 50 32 23
335 354 82 50 47
187 195 91 81 72
193 309 90 13 4
224 259 55 10 7
370 373 86 56 31
357 392 48 26 14
120 373 90 75 69
30 169 45 3 2
55 136 49 12 9
81 124 31 25 24
189 392 11 9 8
136 326 4 1 1
114 183 37 33 33
267 338 96 61 40
268 361 23 16 10
271 275 64 43 24
211 344 5 3 3
266 286 29 9 9
56 114 48 30 15
53 269 45 39 34
159 217 56 52 49
162 220 88 29 8
240 344 41 28 24
241 341 49 36 35
181 239 77 52 44
246 374 86 42 23
30 280 48 35 25
75 266 6 3 2
236 299 10 2 2
272 275 31 16 14
291 317 95 68 49
73 320 92 84 83
341 370 49 49 49
238 369 39 18 17
180 211 9 2 0
262 275 20 18 17
203 237 57 35 34
64 295 14 9 7
242 360 7 3 2
88 304 39 37 37
242 286 66 36 26
323 339 90 70 66
99 195 58 30 26
146 230 60 55 55
384 398 91 70 58
324 392 1 0 0
123 371 45 29 22
192 203 47 38 33
78 368 35 17 9
126 272 92 37 34
5 224 44 25 14
270 374 80 11 1
108 218 57 39 34
245 378 30 6 5
157 371 18 16 16
303 332 57 57 57
43 117 52 22 0
134 240 65 24 8
338 339 31 15 0
202 213 16 13 10
113 160 26 14 2
352 383 91 67 44
16 74 50 14 10
261 272 23 15 10
158 199 0 0 0
36 77 29 28 27
190 347 65 33 30
335 365 8 4 3
79 324 18 9 9
259 389 12 5 3
89 243 28 10 4
184 265 24 1 0
63 361 54 47 45
193 307 84 29 1
319 385 86 45 42
1 144 44 43 42
230 319 5 2 0
362 370 10 4 4
217 224 61 34 29
127 161 21 11 7
192 378 64 29 28
310 367 49 40 32
17 364 60 56 56
263 357 53 38 28
236 350 62 24 0
5 366 44 35 31
111 369 68 61 61
334 368 37 34 34
301 315 77 54 36
364 397 98 47 41
285 319 82 54 42
325 354 6 1 0
53 362 63 58 53
195 272 19 17 16
345 369 79 21 10
60 382 65 52 49
77 276 79 53 36
217 373 84 73 68
43 221 41 36 32
332 395 58 46 44
256 369 2 2 2
361 369 8 7 7
327 333 82 43 11
67 274 52 34 32
158 335 67 48 29
371 400 89 88 88
186 265 79 22 17
275 307 67 38 35
66 159 13 9 6
236 321 20 15 13
320 380 29 16 7
314 326 44 23 9
210 283 90 71 63
294 383 63 48 35
58 360 98 85 77
64 276 32 13 10
297 385 28 28 28
50 80 14 9 9
126 199 35 30 29
375 389 30 12 0
99 129 23 21 21
80 99 7 5 4
72 149 21 13 13
330 378 45 38 32
296 345 52 35 18
224 398 31 30 30
200 211 45 21 11
32 343 86 76 71
104 346 90 89 88
151 337 3 2 2
266 350 49 31 22
63 102 39 33 31
34 252 25 14 10
164 169 22 22 22
13 208 36 23 14
303 345 81 74 74
358 387 10 10 10
353 399 6 2 2
175 268 61 55 51
245 347 75 47 45
106 327 12 8 7
326 329 4 3 3
292 307 85 54 29
100 340 34 9 7
250 254 59 32 21
157 226 40 38 38
230 253 95 65 45
253 313 7 0 0
103 274 43 35 30
88 198 76 75 74
125 196 71 45 34
227 262 80 13 12
19 25 4 2 2
316 345 61 52 52
310 339 57 24 23
177 240 64 54 45
212 310 94 59 43
255 276 4 4 4
79 190 37 21 21
338 350 75 43 27
216 340 20 20 20
207 242 84 83 82
352 393 92 69 57
146 299 27 21 18
116 295 43 38 38
40 115 27 23 20
24 35 77 39 38
101 235 13 11 11
210 304 81 20 12
133 222 42 41 40
91 238 43 35 29
87 197 92 74 71
264 382 50 39 33
303 307 62 37 23
311 395 40 29 18
199 244 25 4 4
6 142 14 2 0
373 393 30 11 5
172 269 55 2 2
52 374 12 11 10
110 278 49 44 44
235 316 18 4 4
172 377 20 12 4
146 217 0 0 0
42 278 68 44 39
166 329 30 7 5
372 396 25 19 19
61 352 52 23 6
17 195 91 49 29
68 231 77 43 39
318 321 63 28 9
189 199 63 41 35
290 390 85 77 76
18 245 56 49 46
32 108 52 36 34
256 358 55 20 19
323 354 7 4 1
201 308 28 23 20
309 317 97 91 86
191 258 14 10 8
244 314 48 46 45
6 16 6 2 0
293 361 30 28 28
68 316 42 30 30
70 370 57 52 48
51 275 6 5 4
133 350 51 10 6
7 104 90 71 67
187 347 69 29 9
5 313 0 0 0
288 362 94 38 25
335 397 6 2 2
65 96 11 10 10
321 328 74 71 69
192 288 50 32 32
178 244 74 16 13
102 263 92 41 19
395 397 2 2 2
23 391 57 48 40
25 262 26 23 23
31 288 97 90 88
38 368 28 4 3
137 193 23 16 14
244 271 100 83 76
237 368 92 39 17
304 342 19 10 2
145 197 5 3 1
364 398 48 24 17
327 375 4 3 2
336 380 44 34 31
78 196 29 16 10
191 295 48 39 35
277 341 46 21 15
344 367 24 20 19
45 208 90 54 44
212 388 9 3 2
21 186 63 31 30
200 309 92 50 15
51 213 19 6 1
351 376 40 11 1
164 391 52 20 6
91 251 35 22 11
27 218 27 27 27
352 370 82 41 20
212 390 37 35 35
98 379 36 26 19
162 293 90 67 46
298 322 73 35 18
196 230 53 38 26
160 330 2 0 0
310 357 73 38 8
50 89 94 67 46
292 322 81 47 37
127 141 100 91 85
251 286 87 64 56
241 353 80 57 34
124 398 50 21 14
372 377 62 40 18
330 355 20 14 14
305 313 86 74 65
150 397 89 34 6
122 316 85 31 10
368 393 55 26 3
21 258 73 57 54
37 370 4 4 4
296 310 77 26 16
344 381 37 21 17
163 212 66 22 11
176 322 33 10 4
15 72 31 29 29
175 234 18 14 13
362 394 25 18 14
388 389 98 78 66
180 387 21 14 8
226 372 19 17 16
267 367 26 19 19
229 246 35 25 20
72 332 88 58 36
253 298 45 20 14
325 328 51 36 31
372 383 8 4 4
167 340 88 82 82
71 324 89 67 60
289 303 1 0 0
283 290 8 5 4
3 222 59 42 34
34 198 88 44 16
179 332 76 67 59
284 370 50 38 27
4 275 12 5 3
269 376 36 28 27
111 347 93 52 34
304 338 60 24 16
167 324 41 40 40
184 332 29 15 14
301 382 90 53 28
308 323 42 35 28
300 355 3 3 3
157 319 43 24 7
240 334 33 5 3
39 69 9 7 7
342 355 86 37 27
158 334 14 7 0
373 386 33 13 12
262 351 39 24 12
77 319 84 70 57
94 332 30 26 23
200 271 61 29 4
108 167 50 31 19
319 398 88 56 42
301 392 4 2 2
348 377 3 1 0
31 32 94 20 14
232 352 24 16 16
78 277 7 2 0
77 311 76 54 52
246 309 62 45 38
319 331 52 13 3
274 319 24 19 17
240 295 41 15 0
330 368 93 58 34
308 309 85 37 20
362 364 94 78 63
11 112 42 29 21
220 312 51 31 12
198 326 16 5 3
293 312 34 13 9
148 339 65 48 42
178 227 17 14 12
375 393 85 63 59
128 271 94 67 42
84 261 97 54 53
84 376 14 3 1
40 380 95 59 30
308 350 85 43 18
190 397 49 40 36
291 307 89 24 23
4 357 65 55 51
347 366 40 35 32
36 179 75 35 25
388 395 51 23 16
105 321 46 46 46
151 195 53 47 47
344 397 39 26 18
206 220 14 4 2
371 377 53 26 17
97 259 30 26 24
351 382 31 26 25
26 265 17 5 3
34 282 96 42 22
160 216 31 11 7
28 92 2 1 1
274 375 73 31 31
216 354 13 8 8
368 375 73 21 12
94 302 37 14 7
238 337 99 58 45
276 327 95 62 42
74 269 1 0 0
109 304 77 64 58
369 394 21 21 21
302 344 81 26 25
252 272 6 5 5
336 395 19 10 10
149 157 76 36 31
152 216 13 12 12
291 399 62 36 21
231 279 99 56 42
100 108 80 77 77
22 201 12 4 2
126 325 91 58 51
313 319 93 48 35
271 304 34 24 23
197 324 36 9 8
327 363 97 53 47
332 356 55 50 48
111 322 38 29 26
243 244 28 26 26
35 186 80 45 42
230 391 21 2 2
203 311 21 4 1
42 155 64 52 43
274 302 69 37 21
68 216 16 16 16
26 221 54 46 40
89 384 97 56 21
351 387 38 29 27
34 343 20 17 16
153 162 75 42 24
135 271 85 55 39
210 373 97 45 42
258 333 73 2 1
262 390 56 11 10
116 165 87 42 23
37 366 3 2 1
368 384 46 42 41
39 357 8 7 6
212 256 44 29 18
347 398 17 13 12
28 216 12 12 12
188 260 88 70 70
171 275 31 29 28
21 165 65 11 2
233 372 24 17 16
297 363 53 22 17
138 311 53 24 9
158 332 65 39 20
244 388 94 47 15
266 314 90 69 64
343 356 10 9 9
87 343 90 86 86
143 173 10 5 2
151 375 90 86 82
9 36 32 13 11
71 205 98 50 20
243 298 40 21 19
219 385 57 40 29
100 367 93 67 53
378 397 79 32 26
173 289 33 13 7
100 214 55 54 53
92 258 78 71 69
298 375 47 12 6
31 271 72 62 55
193 366 75 65 60
22 103 44 25 25
304 309 12 12 12
189 366 55 35 16
98 192 39 25 12
341 345 87 79 78
83 355 82 40 35
36 159 50 4 2
244 310 37 32 27
75 276 41 20 5
75 197 74 65 56
55 269 18 13 13
301 320 18 15 15
329 395 81 72 66
159 390 10 2 2
157 278 11 3 2
319 347 25 20 20
134 212 96 93 90
9 333 38 28 26
36 53 38 11 10
280 333 24 7 2
136 240 33 19 11
55 219 96 74 52
363 374 61 42 36
297 326 21 20 20
343 385 30 12 9
9 337 94 83 83
305 347 80 43 34
65 110 46 29 24
49 388 61 51 44
157 211 31 10 2
10 223 25 5 2
31 378 48 34 27
104 308 87 44 27
260 264 81 77 73
317 389 6 1 0
143 164 18 7 2
147 200 52 37 22
370 392 70 36 36
365 385 41 33 33
236 286 35 22 12
119 335 9 8 8
382 394 37 15 9
78 86 3 2 1
23 100 41 40 40
354 359 23 15 9
168 333 75 59 48
19 313 99 43 41
242 338 13 10 9
27 333 71 58 48
144 180 59 12 5
255 330 64 21 3
115 290 46 23 2
113 169 35 25 24
56 107 65 54 52
167 284 98 72 69
383 387 40 26 24
293 331 57 51 51
354 386 16 7 0
207 298 51 20 19
35 238 78 43 12
31 392 2 0 0
34 55 53 22 9
164 364 91 52 49
330 354 56 39 29
11 356 55 55 55
296 321 30 2 0
291 329 5 3 2
95 168 69 68 68
257 273 84 56 56
71 283 96 55 49
254 398 37 24 12
187 381 80 55 54
155 245 55 9 3
213 307 91 89 89
277 315 90 75 65
140 211 48 45 43
126 371 35 12 4
298 362 37 14 7
310 384 52 47 47
220 264 95 28 1
307 309 32 32 32
286 368 4 4 4
90 278 73 15 4
98 380 31 16 16
203 227 70 63 62
199 287 39 18 7
284 321 42 34 32
15 18 61 53 48
143 329 62 26 20
74 197 54 26 23
221 238 9 6 6
135 218 87 62 58
316 351 80 64 61
99 281 20 18 17
215 220 82 66 66
290 376 47 29 19
151 344 84 66 53
229 239 65 52 49
205 328 10 4 1
246 348 21 12 12
324 355 55 43 35
108 178 18 17 17
138 265 17 11 7
386 390 5 1 1
8 109 50 44 43
256 351 45 17 10
356 365 97 5 4
364 386 90 42 1
124 223 3 3 3
85 194 94 50 46
117 356 17 10 9
178 329 36 22 11
91 163 56 55 54
286 311 20 19 19
3 382 43 9 4
115 349 8 7 7
159 234 10 10 10
213 252 56 22 13
225 375 57 47 47
250 272 27 21 19
45 92 67 43 34
338 343 75 31 2
334 350 18 15 13
45 233 3 2 2
138 394 97 74 57
85 301 66 21 1
181 202 23 23 23
247 307 81 75 71
104 222 26 6 3
259 396 26 25 25
107 218 94 34 8
246 289 63 14 9
41 341 23 11 8
331 348 22 20 20
147 356 15 8 5
190 327 42 30 19
129 149 62 13 4
204 263 55 46 41
348 366 61 50 45
14 266 7 5 4
156 350 62 14 14
85 154 69 68 68
69 295 50 30 23
299 313 6 4 4
106 218 99 16 9
99 103 28 15 10
252 275 87 83 82
217 351 11 3 3
134 195 80 40 2
385 389 7 4 3
120 328 57 30 27
18 97 17 11 11
57 340 28 24 24
361 373 28 21 15
251 395 41 23 14
218 246 84 49 42
251 378 73 13 2
256 259 52 16 1
253 255 22 21 21
46 273 70 56 47
290 398 31 31 31
131 189 69 33 28
219 375 3 1 0
231 247 20 14 11
234 246 85 48 34
35 379 33 17 7
364 388 26 19 13
248 396 7 4 2
166 388 30 15 12
254 317 71 17 4
34 146 85 21 12
75 305 69 55 54
230 248 14 14 14
13 390 81 29 2
254 344 62 20 7
30 37 73 48 46
83 213 0 0 0
16 211 77 9 2
233 399 33 23 22
341 363 76 26 7
179 303 42 37 37
55 199 72 34 0
116 203 6 5 4
19 209 98 73 73
116 163 73 47 28
326 352 61 38 22
118 166 2 1 1
139 238 79 48 33
151 192 42 10 3
194 302 29 27 25
313 342 48 36 26
143 273 75 61 58
51 307 64 55 49
207 361 32 29 28
43 384 26 4 1
86 226 23 17 15
43 125 14 11 8
269 389 57 41 38
107 221 98 95 93
162 217 29 8 1
199 309 61 58 58
106 291 69 49 32
304 373 35 18 12
309 381 2 2 2
101 229 94 37 19
297 298 71 56 52
203 379 68 49 41
207 366 71 29 1
101 102 94 55 48
59 170 85 22 19
158 348 23 21 21
250 290 16 15 15
35 177 5 4 4
239 331 76 65 60
286 322 32 27 25
77 119 58 17 4
110 180 85 18 14
127 334 94 94 94
140 201 70 28 19
42 64 82 48 31
174 384 48 35 30
382 400 14 11 9
160 365 43 38 36
175 299 95 92 92
143 348 79 44 15
76 156 12 11 11
118 383 12 6 4
188 295 85 82 82
142 234 24 23 23
390 399 97 46 13
362 379 39 28 28
79 290 54 7 6
138 176 69 11 3
19 115 89 78 71
308 312 33 25 17
258 290 89 54 45
256 309 93 67 55
34 177 68 42 18
81 132 80 33 0
144 307 37 24 12
231 237 89 88 87
128 267 53 46 43
73 274 79 34 23
46 107 16 0 0
324 384 57 19 7
86 355 67 65 64
339 373 4 1 1
59 231 11 8 7
257 352 98 74 70
308 388 52 22 5
207 249 65 32 4
19 270 4 1 1
349 388 72 67 67
213 373 89 52 18
50 166 83 17 12
354 396 65 42 29
374 378 31 27 23
267 398 8 6 5
285 323 62 50 42
4 190 57 46 43
346 358 29 22 16
306 395 48 19 7
80 327 39 36 36
207 258 11 2 0
230 328 98 36 12
10 291 63 22 12
298 372 13 11 11
173 268 63 42 25
133 259 89 74 71
217 230 63 25 5
339 382 3 2 2
366 375 77 56 40
228 352 51 22 4
172 192 51 10 5
116 392 81 67 65
353 360 35 27 21
184 289 93 37 25
215 258 98 51 4
333 393 76 56 52
62 137 95 65 41
73 294 80 79 78
167 244 50 13 5
170 231 43 23 3
125 197 39 25 21
161 200 98 58 19
354 365 89 76 64
345 399 80 57 57
123 213 28 7 7
244 307 65 47 44
301 378 76 53 46
97 273 41 17 11
192 283 71 52 50
79 213 75 22 8
283 370 84 49 15
191 206 6 5 5
114 332 60 17 2
120 213 17 13 13
9 300 19 10 1
80 310 72 39 39
3 341 1 0 0
316 336 17 16 16
301 339 55 13 5
279 343 51 40 32
53 171 6 4 4
338 380 65 59 54
27 317 15 10 5
283 358 8 7 6
105 194 55 16 3
393 394 69 34 15
337 346 7 2 0
135 292 28 22 21
43 130 26 26 26
125 314 32 32 32
372 379 18 18 18
318 336 97 19 16
387 394 70 59 49
91 325 79 78 78
202 236 35 22 18
56 136 42 38 34
4 394 19 6 3
271 358 95 58 52
318 359 93 26 21
108 153 55 24 4
295 400 2 1 0
259 275 65 57 57
212 387 48 32 17
182 209 49 13 9
178 249 58 32 14
289 292 84 19 13
214 315 52 37 26
15 221 97 90 88
261 347 38 21 10
353 381 76 55 43
93 224 75 73 71
306 343 99 46 25
359 375 79 43 42
266 352 53 44 38
187 271 71 47 44
127 199 96 83 80
91 357 7 4 4
170 297 56 32 8
259 280 29 15 11
60 303 74 71 68
219 387 77 66 65
214 279 77 48 44
390 395 19 11 7
277 291 39 28 25
293 352 79 64 58
153 387 29 18 18
253 398 77 67 67
90 139 85 28 3
68 391 87 69 59
39 395 31 8 5
308 325 6 5 5
92 382 80 72 65
294 386 96 21 8
374 387 73 69 67
168 276 13 13 13
128 244 51 45 45
131 171 29 28 28
96 112 6 5 5
74 164 38 19 1
106 289 45 31 24
200 233 26 20 20
98 144 17 17 17
88 329 1 1 1
352 379 0 0 0
127 226 95 44 37
316 360 42 8 8
208 233 19 12 7
12 176 33 16 9
43 353 6 4 4
223 301 64 55 49
145 307 9 9 9
216 361 35 20 19
362 372 90 4 4
158 395 32 24 18
99 170 58 33 21
146 290 24 4 1
176 220 1 1 1
126 265 51 26 23
138 160 66 11 2
355 361 34 16 13
21 116 2 1 0
69 353 83 59 46
340 358 32 27 23
164 319 20 11 10
217 396 6 2 1
321 322 8 5 2
136 189 95 85 80
166 248 64 33 28
185 191 87 8 7
228 392 50 44 41
313 349 5 3 3
154 332 8 7 7
46 174 93 60 29
249 343 50 20 3
195 384 10 8 8
384 387 14 9 6
350 390 75 73 71
143 261 65 11 8
322 340 61 37 22
328 389 44 26 26
154 262 80 67 67
14 62 37 25 25
79 279 21 14 8
333 398 67 64 63
350 363 76 23 6
339 384 84 17 16
57 208 42 11 8
385 394 48 20 20
69 277 54 33 15
254 288 43 18 1
342 375 93 46 8
192 274 80 67 64
6 341 50 36 24
102 186 5 2 2
93 141 59 40 24
292 356 48 20 9
19 38 44 32 26
314 344 88 75 71
316 329 11 5 0
270 392 23 9 4
249 253 2 1 0
372 400 26 6 1
138 151 91 38 14
57 184 59 56 55
339 356 92 81 79
373 384 86 84 84
32 267 15 13 11
320 367 13 4 1
207 254 32 28 27
203 350 80 80 80
120 379 11 11 11
293 306 27 16 12
328 355 50 24 2
317 353 94 54 53
342 371 94 29 13
42 328 91 42 41
201 233 42 20 11
89 380 63 25 19
330 379 82 32 4
8 240 73 57 53
351 364 28 14 6
55 370 92 62 38
167 230 77 28 19
333 342 25 5 2
293 393 89 18 8
62 302 15 14 14
351 374 69 65 62
346 380 38 32 31
184 215 14 11 11
152 153 81 44 27
260 273 19 10 6
61 87 37 33 32
266 344 97 82 80
176 204 39 14 6
298 349 81 64 49
20 291 74 11 8
158 192 70 24 21
84 137 31 12 8
199 295 25 11 1
185 390 78 46 34
321 380 42 27 24
202 222 48 23 16
64 381 39 5 2
262 274 28 4 1
362 388 41 20 19
377 381 14 11 9
313 317 16 10 10
214 231 47 39 32
205 330 13 9 5
126 203 68 15 11
320 326 23 13 5
68 393 17 10 3
26 178 26 12 5
233 251 68 30 13
66 116 64 31 8
15 79 75 65 63
306 307 23 22 22
139 178 86 83 83
200 385 25 11 4
311 383 0 0 0
320 353 85 82 81
178 304 26 18 10
15 128 42 22 2
114 317 99 51 40
125 271 98 23 13
264 358 61 30 1
57 92 16 7 7
137 288 73 72 72
278 345 21 10 10
29 364 54 43 41
182 250 47 44 42
379 397 66 65 65
264 371 99 51 22
41 100 9 6 4
120 371 92 70 65
279 382 58 41 35
26 317 1 0 0
359 394 69 39 29
74 84 40 32 32
327 369 0 0 0
19 190 0 0 0
101 254 69 13 1
88 243 45 43 42
275 351 81 57 46
334 385 1 0 0
61 326 84 74 64
23 397 94 52 37
114 190 86 84 82
383 389 77 31 1
305 335 16 6 3
191 277 52 32 23
116 205 6 3 0
134 295 4 2 2
14 309 36 18 13
323 335 55 23 1
119 131 78 62 52
388 390 21 12 12
276 346 75 74 74
382 386 84 71 68
92 123 10 4 1
276 377 98 50 20
20 60 4 1 1
40 235 62 32 23
118 268 89 51 45
244 313 75 54 35
306 355 100 8 2
125 255 93 84 84
347 372 75 37 9
137 273 15 10 10
271 371 6 6 6
273 305 27 2 2
21 297 82 5 2
395 400 91 58 26
316 386 37 20 3
176 258 41 29 25
261 324 60 24 14
354 360 48 44 44
108 330 83 78 78
278 390 96 51 20
185 297 54 26 25
184 351 51 40 35
209 391 79 76 76
191 247 35 12 8
313 347 0 0 0
1 136 81 55 39
240 312 98 89 85
139 345 22 2 1
94 342 79 70 69
175 204 61 9 1
253 288 25 14 11
122 397 61 32 26
338 354 18 18 18
136 271 23 6 3
194 197 97 54 44
255 347 38 33 29
247 313 38 6 2
267 337 35 27 20
79 94 75 44 41
77 287 80 49 39
138 298 24 18 14
158 278 21 4 3
235 392 52 35 30
101 199 66 55 48
117 371 82 73 68
69 146 49 16 3
322 395 86 7 2
189 339 46 29 12
150 314 14 8 3
155 175 39 39 39
147 194 67 43 28
9 397 49 23 5
317 326 9 8 7
64 178 3 2 1
326 399 69 57 54
178 274 97 57 46
379 380 48 40 33
267 319 65 56 47
187 315 95 87 85
393 395 98 92 89
232 242 50 31 23
136 292 67 58 58
333 353 11 3 2
286 385 66 65 65
27 338 45 40 36
36 335 74 47 35
234 305 60 47 47
58 182 55 44 38
112 248 2 2 2
33 357 57 20 2
279 319 11 5 4
343 377 5 5 5
229 231 59 37 34
189 357 30 18 10
222 341 68 51 48
83 272 15 11 11
198 303 83 77 76
217 255 51 33 31
141 246 22 10 5
161 368 33 24 19
46 192 88 70 63
162 197 31 26 23
326 363 28 6 5
212 311 9 3 3
159 312 86 62 60
383 393 50 20 13
104 206 71 56 47
316 371 57 7 4
59 222 7 6 6
229 319 7 2 0
278 393 2 2 2
83 338 76 63 50
143 354 10 5 1
349 386 31 12 7
264 306 86 54 23
337 379 98 58 33
231 371 5 4 4
120 135 17 16 16
301 387 58 25 22
318 355 93 41 39
363 387 30 25 25
207 311 9 6 4
4 266 3 1 1
254 299 45 17 16
163 365 38 25 24
306 357 5 1 1
48 302 19 5 2
238 383 90 10 3
362 363 3 3 3
187 204 18 5 2
27 223 37 22 20
177 186 84 72 71
328 398 3 2 1
117 233 4 1 0
17 303 7 2 2
300 368 14 3 2
338 342 31 20 14
151 235 51 33 15
290 380 83 58 57
54 188 11 11 11
246 331 80 68 56
93 257 36 15 3
138 198 57 35 26
95 163 100 5 2
22 166 6 5 5
357 385 97 93 91
68 84 57 56 56
208 310 12 9 9
191 341 11 10 9
333 363 19 17 15
87 219 60 24 16
348 395 64 46 31
318 361 99 63 51
155 328 46 24 8
59 177 18 13 10
151 227 68 40 15
325 379 90 58 50
84 275 30 16 5
98 171 85 32 32
208 209 40 31 31
12 52 83 13 13
69 337 38 4 4
87 209 14 13 12
31 162 1 1 1
296 386 69 66 63
247 388 12 3 1
132 170 56 41 31
11 205 95 23 14
99 107 91 65 56
7 100 11 7 7
98 130 13 7 5
42 207 29 20 20
221 229 21 19 18
368 381 53 14 5
229 383 100 11 3
280 367 25 23 22
104 286 75 73 73
234 322 69 43 21
258 390 40 15 7
300 384 19 11 10
58 106 10 4 4
66 197 95 47 12
163 389 36 35 35
216 261 27 15 12
150 151 69 9 7
80 397 56 9 1
175 266 72 10 6
234 308 47 18 18
199 353 53 24 23
170 335 50 41 41
10 243 58 21 12
252 325 3 2 2
319 352 22 17 17
255 321 87 55 53
65 98 4 1 1
199 259 79 70 61
98 356 37 22 20
56 189 45 19 16
155 237 94 32 29
273 379 4 3 3
227 230 49 34 34
167 281 33 17 9
368 391 96 81 77
42 260 88 43 43
22 289 25 5 3
167 214 48 21 14
393 397 70 62 61
305 383 79 79 79
146 324 10 8 7
160 190 76 47 22
231 291 5 0 0
162 313 18 3 2
163 290 87 19 0
113 164 54 45 45
34 369 20 4 0
290 319 59 33 21
149 184 79 33 10
12 297 34 27 25
118 180 73 51 41
92 291 19 10 9
362 369 3 3 3
165 173 97 21 17
306 324 5 3 1
66 273 29 25 23
143 390 96 71 67
246 251 42 14 12
78 140 43 39 39
342 388 72 60 54
36 193 91 25 25
178 288 0 0 0
191 314 30 17 8
340 400 59 38 33
26 276 93 39 11
231 389 47 27 24
311 337 36 26 25
258 375 34 10 10
72 157 2 1 0
146 316 32 21 12
22 82 94 84 79
151 351 34 33 33
15 231 80 40 1
191 276 32 14 3
222 312 71 22 13
94 119 70 70 70
329 352 67 49 43
344 359 97 94 92
266 378 19 8 3
23 68 66 28 6
288 290 46 15 11
209 272 46 35 35
108 296 26 23 23
18 126 100 26 2
87 154 92 75 59
224 369 55 18 16
173 258 11 7 7
232 341 1 0 0
194 320 17 13 12
330 372 79 45 37
210 233 87 69 67
368 399 86 16 14
42 363 45 13 0
195 387 5 4 4
21 241 21 13 10
277 304 13 13 13
32 229 39 27 16
26 80 70 49 47
25 53 68 27 18
354 378 93 3 2
139 359 74 35 7
282 372 16 1 0
199 393 62 41 35
153 245 96 73 53
190 300 8 6 4
216 265 5 5 5
114 255 43 12 6
54 322 77 37 3
156 206 16 7 0
188 347 45 2 2
22 333 44 27 21
115 354 59 3 1
156 238 4 3 2
106 358 38 24 17
385 396 23 22 21
151 271 7 4 4
283 363 25 17 17
231 312 54 37 28
140 341 30 26 26
133 398 95 45 19
115 381 86 14 2
54 295 82 39 8
206 355 95 64 35
226 277 36 29 23
79 115 19 3 1
301 398 16 12 10
119 198 58 40 37
324 326 80 21 7
179 258 15 4 3
318 366 83 80 78
229 269 35 24 18
138 259 50 4 3
342 358 69 35 11
194 220 63 56 56
361 393 67 25 25
222 228 42 21 6
234 319 7 3 1
232 314 72 31 20
96 259 57 25 3
120 296 7 5 5
141 176 94 79 75
347 348 7 3 0
369 385 51 37 25
289 323 16 7 5
206 295 38 33 33
129 295 75 39 38
192 315 11 9 8
330 342 48 9 5
273 355 84 65 65
316 398 96 70 64
357 360 75 64 54
174 231 69 47 29
321 342 86 49 26
169 244 45 14 2
41 156 71 56 49
88 150 9 6 4
72 379 39 23 8
86 161 79 66 66
387 390 51 13 13
117 183 7 6 6
3 140 43 19 5
187 217 76 33 15
382 388 79 65 57
108 263 39 7 0
193 304 87 68 60
45 239 1 1 1
90 118 36 9 6
108 255 47 38 31
280 301 8 6 5
328 332 38 13 2
216 317 29 18 16
118 371 78 57 45
112 400 47 43 42
196 250 17 13 9
72 288 25 19 19
268 341 41 39 37
292 389 36 8 7
56 195 34 13 12
174 267 100 24 13
242 258 66 32 22
353 361 88 62 47
251 270 39 17 17
139 395 93 41 23
136 277 83 82 81
311 367 72 36 33
5 318 33 32 32
217 377 99 39 10
128 282 88 41 1
16 129 67 49 41
123 343 96 69 59
163 206 54 43 38
117 269 46 24 15
53 200 55 51 50
158 177 34 12 3
314 352 2 1 1
249 327 96 92 92
151 228 96 69 66
34 154 21 18 17
200 234 86 81 78
60 354 84 73 62
73 167 1 1 1
101 301 67 37 9
351 381 84 50 30
247 316 0 0 0
250 331 38 35 35
249 358 56 16 16
323 328 54 15 2
9 116 22 13 8
340 380 17 9 6
135 152 43 29 28
211 232 7 3 1
103 178 94 91 91
129 260 78 64 60
30 90 8 2 2
300 373 70 53 37
15 114 37 16 2
170 239 14 5 0
339 397 97 55 28
28 202 22 21 21
247 337 57 48 44
139 239 62 32 2
370 396 82 2 0
36 175 61 19 2
210 392 42 9 4
202 283 49 15 15
188 392 86 61 47
65 126 100 52 52
220 398 35 32 32
327 361 56 54 52
46 378 54 52 50
237 374 94 42 40
291 370 4 2 2
145 298 14 14 14
287 371 80 79 79
294 388 52 31 21
329 386 1 0 0
362 386 46 21 11
264 326 13 7 6
281 345 4 3 2
230 344 11 10 10
304 380 67 33 29
73 164 92 82 76
230 376 15 3 0
370 384 99 79 69
277 354 67 58 58
59 252 39 18 18
374 396 16 15 15
329 383 78 38 27
287 292 76 34 1
73 204 9 9 9
154 264 89 58 33
52 204 92 84 80
119 132 48 45 45
17 326 29 16 5
110 181 32 14 9
58 117 25 10 9
156 392 51 42 34
278 342 86 71 61
36 349 69 52 44
192 208 87 77 71
350 374 28 8 2
178 389 35 30 27
98 348 22 17 17
73 238 5 2 0
73 152 18 17 17
358 377 30 25 21
114 122 87 36 31
197 319 43 33 27
17 273 59 34 9
209 218 42 21 8
146 289 1 1 1
346 354 71 49 35
310 382 89 83 82
50 242 96 39 8
309 377 93 70 55
238 309 59 44 36
20 31 89 69 61
291 297 46 24 3
164 198 38 29 21
276 345 36 24 24
227 233 55 19 2
212 262 26 12 10
170 251 52 24 5
292 299 2 2 2
180 308 12 11 11
73 179 87 46 44
103 174 36 33 33
150 277 82 22 15
226 322 4 1 0
290 316 18 16 16
46 334 71 23 18
180 290 88 31 17
119 347 6 1 0
343 391 22 10 3
325 336 25 15 14
218 359 25 5 1
13 302 26 18 18
228 336 91 40 2
135 364 11 10 9
294 341 65 56 50
306 367 92 55 31
249 345 29 24 22
28 63 46 35 33
304 378 44 29 24
340 384 10 6 2
122 230 85 44 11
383 392 27 27 27
65 387 56 19 17
152 154 68 53 39
45 350 13 7 7
392 400 48 32 17
378 387 31 13 12
2 144 70 9 1
167 178 97 83 83
340 388 22 21 21
180 336 86 36 11
81 103 100 39 38
295 353 28 18 15
161 271 16 10 5
154 302 55 34 27
314 372 94 78 71
318 356 42 39 39
368 371 82 77 73
253 299 47 42 39
312 346 61 34 28
249 379 9 6 5
87 192 85 76 68
295 366 42 25 18
226 317 89 62 48
13 73 46 18 6
217 371 41 15 10
28 110 91 85 85
130 334 43 3 1
329 379 50 28 23
175 382 92 74 74
137 292 55 18 14
42 244 85 51 35
29 129 6 2 0
114 276 63 35 29
315 341 49 43 41
66 283 95 91 91
88 148 71 55 54
352 369 9 6 6
149 347 42 21 12
26 289 35 30 27
358 391 26 25 24
86 347 35 30 27
150 171 30 17 15
133 372 56 49 42
227 347 50 43 40
89 317 34 24 21
127 247 69 48 33
305 353 61 27 27
159 171 88 22 20
342 398 71 67 65
182 386 34 4 1
91 292 72 35 1
183 185 24 23 23
297 383 61 32 15
330 347 83 29 7
14 334 86 53 45
164 241 74 73 73
143 286 57 16 1
69 192 56 35 29
331 347 31 12 3
66 359 45 32 24
64 103 60 60 60
189 399 68 67 67
280 371 7 5 3
205 331 63 44 28
88 303 58 41 35
30 316 76 70 67
155 263 100 92 92
106 354 2 2 2
110 136 14 9 9
148 337 9 3 1
87 218 73 45 44
38 383 91 7 1
252 283 68 64 61
252 386 27 20 20
23 294 21 15 11
162 224 51 24 8
351 378 44 27 26
145 273 69 9 6
69 392 36 28 28
187 250 90 63 62
157 317 63 57 57
360 398 77 46 28
124 373 75 34 4
19 192 48 13 8
77 400 87 23 18
68 357 58 13 5
343 398 1 0 0
321 393 75 31 15
344 360 88 76 76
362 375 83 43 35
212 396 59 36 16
341 347 99 58 53
138 308 71 61 54
12 191 87 84 82
290 300 33 18 10
362 368 10 5 5
46 342 77 53 44
97 296 88 74 71
259 365 16 8 1
4 87 6 5 4
356 385 44 33 31
331 382 27 13 12
153 308 42 21 16
214 237 35 31 29
294 298 92 59 27
111 145 33 33 33
258 287 55 50 48
227 375 31 30 29
178 376 98 66 58
98 184 88 58 38
206 222 36 35 35
229 393 61 45 39
245 266 96 62 57
106 194 78 21 17
256 328 30 18 17
92 298 61 41 35
141 147 15 12 10
381 397 87 85 84
190 249 64 28 23
172 282 90 46 14
384 400 34 32 31
319 383 10 10 10
197 321 97 65 39
218 306 29 15 4
119 295 65 63 62
62 205 74 51 49
322 336 55 38 36
91 258 60 28 27
378 391 66 26 10
22 297 23 17 11
137 241 70 68 66
292 334 14 13 13
4 387 48 24 23
97 371 84 66 56
74 220 18 9 1
233 270 39 23 8
102 223 8 7 7
36 217 28 21 18
8 350 23 12 12
143 336 53 32 32
200 291 68 48 48
194 273 98 75 75
355 397 6 3 3
232 393 86 49 38
273 313 34 7 7
47 287 51 41 37
208 232 39 20 13
234 384 50 44 43
357 366 86 50 14
9 307 23 10 3
219 225 100 65 62
222 310 33 32 31
344 357 3 1 0
222 301 68 29 13
125 179 70 56 45
329 358 91 86 84
258 269 99 92 92
141 359 94 84 76
3 208 25 9 7
266 320 88 18 10
134 144 99 97 96
309 366 94 64 41
96 154 32 22 16
374 382 22 21 21
118 138 72 58 49
313 330 94 43 34
168 352 55 10 6
216 235 0 0 0
79 178 59 36 20
317 330 81 72 69
226 253 58 40 32
50 391 51 9 3
268 306 39 21 9
319 382 13 5 1
293 357 24 9 9
270 320 76 10 0
170 322 95 64 61
263 293 43 27 24
280 382 80 5 5
88 307 21 14 13
298 332 86 49 33
336 359 55 7 4
365 378 99 35 4
347 397 32 20 15
25 358 36 34 32
185 276 98 90 82
383 400 68 67 66
137 262 57 47 44
49 143 13 8 7
225 268 42 19 7
105 309 48 13 6
23 277 71 58 54
80 395 96 86 86
303 348 79 63 56
376 385 8 1 0
190 382 17 7 6
64 67 10 9 9
166 189 83 60 47
110 318 54 38 33
137 217 53 23 9
220 267 29 15 10
174 214 83 57 45
346 375 0 0 0
241 348 53 29 10
363 390 80 32 9
333 348 91 51 20
300 351 38 34 33
46 51 14 3 1
86 173 81 61 61
307 350 23 19 18
93 302 98 58 28
194 399 7 4 1
324 351 8 6 5
131 134 19 14 12
9 216 95 72 64
87 383 43 41 40
211 372 85 21 16
361 398 33 17 3
350 369 58 10 9
132 163 16 5 5
266 305 37 2 2
224 332 41 28 22
58 95 12 11 11
57 100 84 52 37
91 398 73 36 15
383 397 5 5 5
299 363 80 17 17
282 389 49 18 11
291 310 48 32 26
139 167 7 5 5
24 222 92 29 19
360 386 93 74 66
353 387 56 30 4
152 383 96 84 78
96 201 22 12 5
248 250 54 44 37
243 360 65 56 55
224 329 14 11 8
301 311 31 23 23
139 301 67 22 21
268 345 40 27 27
221 249 86 42 29
293 396 83 26 12
231 363 51 40 37
210 225 75 57 52
257 380 74 34 32
99 366 11 8 6
66 88 89 33 4
291 351 24 14 11
70 361 82 75 70
241 255 53 47 47
287 341 30 23 19
279 289 23 18 18
209 260 35 33 33
309 341 84 56 51
339 380 90 57 49
136 261 86 85 85
251 356 64 53 50
291 319 19 17 17
170 186 24 20 18
307 343 77 50 47
242 281 34 5 1
180 286 66 59 54
214 327 58 45 38
25 359 5 1 1
325 362 73 62 53
309 355 17 13 13
121 363 56 32 23
301 338 8 7 7
105 181 95 44 36
282 330 11 7 6
173 229 82 56 47
333 344 17 15 15
373 375 13 4 4
226 342 13 12 12
36 204 3 2 1
138 383 68 53 51
348 370 13 5 2
270 314 5 1 1
359 368 71 56 46
145 255 49 18 9
141 329 25 16 15
239 364 66 8 2
320 327 81 45 19
117 147 50 43 39
267 354 74 9 3
83 304 58 13 1
35 296 58 42 29
295 381 23 22 22
277 388 33 2 2
219 295 81 44 43
367 398 22 9 2
394 395 70 61 55
269 289 20 20 20
84 343 6 5 5
82 270 75 55 39
391 400 80 24 14
265 284 2 2 2
252 385 24 11 11
108 244 34 16 8
195 226 23 20 20
165 292 94 93 93
352 355 25 18 14
226 318 86 49 48
234 261 57 53 53
170 187 74 44 40
271 339 54 51 48
388 398 75 28 20
237 397 37 16 12
117 140 83 65 62
280 290 28 10 5
70 95 23 23 23
75 370 51 34 28
155 236 88 62 58
274 395 21 14 13
197 211 14 12 12
84 160 53 19 7
258 325 93 78 77
109 338 20 15 10
215 392 6 0 0
139 255 17 16 16
234 377 51 5 3
169 268 43 23 15
325 340 84 66 65
246 341 69 25 10
90 379 86 32 28
169 364 27 24 24
58 317 7 1 1
383 388 57 47 41
207 222 29 4 1
247 302 46 8 7
379 396 44 42 42
42 52 12 2 2
181 280 42 25 24
147 314 36 28 20
286 300 72 30 2
389 398 1 1 1
322 396 65 41 18
330 384 5 3 2
147 231 43 15 8
20 154 3 2 2
59 173 66 1 0
333 366 53 39 38
123 218 34 22 11
107 276 87 74 63
253 397 87 73 70
214 305 27 22 17
231 373 68 58 53
311 338 70 62 60
320 386 72 32 28
240 314 39 37 37
263 394 1 0 0
36 150 22 20 19
331 340 62 54 54
206 217 23 22 22
215 292 99 35 27
318 338 45 21 10
202 282 90 48 10
118 197 78 38 22
147 156 33 23 18
242 335 62 21 21
335 348 82 68 59
254 333 95 59 54
268 354 13 10 10
12 323 51 19 13
75 85 64 58 52
141 242 70 22 0
57 163 89 83 78
289 310 46 45 44
289 309 73 42 33
378 394 19 18 18
55 141 52 27 12
312 393 51 23 23
103 285 63 22 12
134 239 97 83 77
106 188 21 21 21
349 363 6 4 4
180 353 26 12 11
345 375 30 29 29
371 378 90 35 16
34 49 98 57 57
36 136 73 62 58
118 124 99 54 30
349 374 41 38 36
309 378 90 38 18
347 390 65 60 59
274 367 69 12 12
111 224 68 39 32
32 348 20 11 11
189 267 76 75 75
191 318 80 43 30
122 176 80 68 60
21 28 75 31 17
269 284 75 32 18
185 342 9 8 8
255 371 46 15 15
372 395 94 89 87
332 364 93 62 61
37 353 41 26 20
201 331 28 17 16
376 388 13 6 3
93 125 98 98 98
370 374 42 39 38
347 386 66 34 20
253 302 34 30 28
38 293 69 28 28
352 362 52 43 38
286 377 73 66 63
356 367 47 39 38
341 383 61 46 38
248 251 3 3 3
225 357 45 17 6
284 350 33 27 24
217 395 68 42 16
165 269 34 23 17
26 136 11 8 5
329 361 18 7 5
90 325 10 4 3
20 56 25 23 23
75 247 51 47 45
136 206 65 46 36
3 10 20 10 8
173 212 67 15 6
180 265 7 5 4
276 387 52 16 16
217 302 6 0 0
375 381 64 36 11
109 271 100 91 82
19 127 72 60 51
170 181 57 48 40
5 152 38 31 29
75 196 79 40 38
191 269 54 41 35
214 276 31 14 11
293 367 30 12 2
314 338 20 11 10
82 219 51 24 22
270 325 60 50 48
180 354 47 21 15
10 65 39 18 3
343 396 84 52 30
129 238 91 82 76
32 35 68 30 14
278 396 44 35 28
138 333 83 36 30
89 314 18 5 1
97 217 98 35 5
135 279 47 25 23
238 242 5 4 4
296 376 91 55 41
102 110 83 81 79
53 355 20 8 6
169 312 100 72 62
264 296 41 24 14
81 213 10 4 1
131 310 6 1 0
84 352 55 54 54
227 248 85 34 0
213 281 17 17 17
203 400 34 13 5
284 313 40 22 5
360 382 23 11 1
165 328 55 5 4
25 158 86 63 51
54 142 32 15 9
352 391 9 9 9
211 254 73 40 18
382 397 28 17 16
166 172 15 4 1
196 324 99 97 96
70 260 38 17 13
106 274 61 13 5
268 375 18 7 1
304 393 64 42 41
377 388 99 71 55
112 186 27 27 27
205 256 98 95 95
123 373 70 68 68
238 272 79 41 7
391 397 10 1 0
192 309 76 40 9
150 258 24 13 10
143 217 65 58 54
154 328 17 8 6
232 371 85 42 31
39 169 67 50 41
118 165 13 10 9
92 377 91 37 23
339 381 100 77 74
244 377 62 41 38
146 349 98 81 67
367 397 26 24 22
147 397 78 56 47
10 350 39 16 1
339 363 41 23 18
384 395 28 6 1
196 303 5 5 5
310 329 33 9 5
127 257 28 22 19
264 330 75 13 12
329 393 56 56 56
232 265 69 38 35
95 211 18 5 2
27 254 16 12 9
166 290 18 13 12
148 399 2 1 0
349 358 40 25 18
358 390 72 20 14
47 88 94 34 18
314 389 49 10 8
24 203 34 1 1
118 380 83 71 66
143 202 7 2 1
134 135 18 6 1
231 244 48 35 33
339 366 53 10 9
199 314 12 11 11
136 344 22 20 20
132 369 71 52 45
59 306 73 28 19
187 228 37 37 37
150 345 84 82 82
231 293 17 3 1
285 345 20 11 6
228 240 28 21 19
234 364 4 4 4
99 300 72 66 66
88 373 51 51 51
355 394 93 42 41
181 351 42 24 10
235 348 100 93 92
107 123 31 26 24
92 354 33 27 26
26 264 9 7 5
375 399 85 61 47
289 376 9 6 5
50 378 68 18 10
225 390 44 14 0
353 364 39 16 14
63 118 25 24 24
79 272 52 30 22
265 320 81 55 52
224 267 81 31 19
248 383 76 43 23
358 385 1 1 1
272 284 14 7 0
257 369 91 40 37
274 371 29 19 15
106 318 79 67 66
271 345 33 32 31
51 168 87 46 15
185 317 100 82 70
60 141 81 51 47
232 379 92 65 45
209 307 96 74 65
392 398 86 34 29
344 382 64 29 20
207 351 88 82 79
368 377 55 31 24
149 182 71 41 39
165 276 52 32 31
346 373 30 26 25
26 124 1 0 0
250 360 49 42 40
177 181 97 80 72
232 308 13 9 5
44 223 52 12 10
87 372 33 14 8
94 207 39 12 6
292 312 90 65 51
5 283 35 19 18
145 264 25 11 1
130 268 54 16 12
213 339 44 42 42
193 318 39 1 0
185 226 5 2 2
239 335 60 43 29
377 390 79 75 74
223 303 69 53 44
167 327 94 25 20
203 396 59 51 47
325 363 51 51 51
117 394 64 54 54
39 126 51 40 32
215 283 7 6 5
245 400 11 10 9
33 332 54 54 54
378 385 84 21 6
17 81 30 21 21
129 394 62 50 44
2 132 82 73 65
205 241 11 10 10
81 324 11 2 2
255 387 95 62 55
309 351 72 31 20
314 376 72 46 22
156 387 60 41 29
109 226 33 5 3
74 241 52 23 14
186 194 31 31 31
140 287 67 33 4
382 395 75 65 59
151 182 89 45 13
89 350 8 3 2
329 354 80 71 71
171 246 36 29 27
273 388 42 28 18
135 260 97 97 97
198 299 67 28 3
94 126 11 7 5
50 351 27 25 25
20 215 8 4 2
287 306 6 5 4
162 203 24 16 15
299 350 22 10 8
323 350 67 36 18
91 207 85 84 84
53 271 54 34 19
155 250 5 2 2
306 356 57 48 47
118 310 6 3 3
51 359 46 12 8
283 383 100 81 79
324 393 35 24 16
49 72 32 23 18
53 256 39 7 7
10 383 35 24 15
323 360 58 46 36
286 334 6 3 1
21 292 80 67 64
248 320 68 64 62
88 261 30 30 30
307 324 68 39 10
247 311 72 37 10
74 141 79 33 15
123 225 81 43 14
290 383 52 30 10
184 246 36 22 9
112 363 29 18 16
157 189 92 91 91
130 226 84 59 57
99 207 75 48 38
96 268 21 12 12
60 349 67 63 63
31 308 37 21 19
106 302 93 66 46
113 319 62 49 44
182 387 94 88 88
58 63 64 54 52
133 266 94 68 42
316 367 36 13 2
327 367 19 15 14
207 290 7 5 3
236 346 28 26 25
260 374 0 0 0
306 384 45 39 34
294 394 57 24 24
277 317 54 47 42
209 263 55 52 51
298 390 87 54 51
121 350 82 78 74
18 77 73 49 37
224 399 39 7 2
232 309 80 37 22
201 273 38 23 17
321 381 53 37 32
215 336 61 19 14
68 250 73 61 59
126 244 29 26 23
105 135 12 8 7
181 233 67 41 25
317 387 36 31 31
277 363 14 8 5
351 384 91 10 9
93 289 8 0 0
244 300 86 44 32
107 180 9 4 4
138 260 87 49 30
252 328 25 11 8
274 297 79 45 40
127 315 21 17 15
326 354 32 23 21
24 388 20 8 6
29 115 70 51 49
79 157 38 33 31
196 340 38 27 25
327 358 29 23 21
94 180 95 92 92
55 94 50 41 32
255 393 76 41 41
84 274 43 20 10
325 369 95 47 39
323 357 87 45 6
101 266 92 25 20
344 349 17 2 2
238 360 30 23 22
263 335 16 11 9
356 387 20 13 9
164 339 70 59 54
223 264 85 37 14
93 359 31 17 15
122 328 17 3 1
38 182 37 31 25
173 248 23 12 3
202 233 77 32 3
44 151 21 9 0
298 369 50 31 30
174 270 74 22 14
7 347 40 36 33
231 273 31 20 10
64 123 21 13 11
162 308 21 9 7
339 394 7 5 5
177 310 74 37 19
38 69 28 20 14
264 352 64 56 55
35 48 91 87 86
294 385 28 10 0
210 384 39 33 29
267 358 51 35 26
106 140 40 23 6
253 268 14 10 8
293 349 32 18 7
77 282 42 41 40
347 368 91 40 27
104 180 47 21 9
306 327 71 47 37
264 353 36 17 6
324 349 37 16 12
50 134 32 30 29
131 198 24 16 12
235 252 72 50 45
109 262 92 57 49
365 386 4 1 1
250 377 29 25 24
152 200 51 36 31
151 359 46 35 25
284 397 47 22 17
245 281 78 61 57
318 388 89 72 71
388 397 46 23 4
210 367 19 9 0
49 182 19 2 2
299 326 32 20 9
58 269 43 31 26
52 253 66 54 51
13 101 59 49 40
270 303 46 17 16
54 382 59 33 30
253 309 13 4 2
10 210 57 29 3
18 48 46 38 38
67 171 29 12 12
271 332 85 83 83
387 388 87 87 87
111 169 93 3 2
267 280 18 15 15
25 241 54 42 37
294 369 36 20 7
293 385 24 24 24
277 306 29 19 16
59 190 22 9 5
239 312 1 1 1
367 374 48 46 45
23 272 42 13 7
87 128 32 15 15
156 221 61 28 4
259 330 59 50 46
217 257 55 40 38
155 345 12 9 7
192 218 55 54 54
154 177 13 3 1
348 382 15 9 9
234 392 8 3 3
295 301 42 10 10
59 62 79 62 46
168 369 39 1 1
102 236 40 37 35
326 390 70 39 16
150 394 33 33 33
236 275 91 59 30
120 265 67 27 25
19 116 48 32 29
138 207 81 69 69
295 322 40 38 38
90 135 14 13 13
186 384 29 27 27
7 127 35 20 19
285 391 97 79 75
107 217 11 11 11
243 302 6 5 5
26 238 96 84 76
372 399 85 21 13
262 338 5 3 2
239 253 10 0 0
310 350 82 71 61
316 370 73 28 27
184 292 85 52 28
238 269 44 36 30
59 66 10 5 0
306 385 41 14 11
361 366 51 38 35
295 329 96 36 11
247 256 96 92 88
30 219 98 52 30
59 98 75 18 18
76 268 20 13 8
398 399 12 5 0
138 139 44 43 43
329 400 65 60 59
258 364 39 19 11
305 319 51 5 2
154 239 80 45 40
146 286 42 29 21
44 292 32 17 8
373 388 88 70 64
172 206 69 53 45
149 279 81 37 13
168 185 12 11 10
222 365 95 87 79
7 161 85 82 82
351 400 77 42 19
335 338 98 72 68
277 344 29 25 24
78 293 3 1 1
9 94 16 6 0
114 261 38 34 32
32 103 4 2 1
275 377 96 45 5
291 331 46 8 2
30 49 30 28 28
32 358 2 2 2
133 135 51 48 45
288 389 54 41 41
70 267 56 13 5
54 111 45 27 20
305 394 100 51 17
140 309 23 22 21
65 175 74 36 4
76 149 46 21 7
313 336 15 4 2
173 209 19 19 19
377 378 10 4 2
296 327 47 24 16
8 122 71 47 43
105 147 13 3 3
54 375 33 29 28
88 339 20 20 20
381 382 55 31 9
289 327 46 37 34
348 386 74 25 7
165 231 80 59 48
223 361 17 13 12
254 388 82 12 11
239 339 46 24 24
151 275 100 94 93
61 136 99 13 10
300 311 73 22 9
346 385 13 13 13
314 327 50 11 9
121 195 53 46 46
311 358 31 11 0
361 368 56 18 7
377 385 73 67 63
189 257 31 16 4
236 341 39 31 25
309 346 43 25 12
76 377 51 34 20
359 379 25 16 12
67 395 63 53 44
315 328 74 61 50
213 393 15 6 6
297 332 45 35 27
116 344 10 9 8
248 341 47 23 13
55 333 77 29 10
208 356 36 36 36
173 243 78 57 53
206 237 53 20 19
137 355 87 69 62
129 388 73 24 20
22 389 25 11 9
223 281 17 16 16
393 400 64 33 9
150 342 16 6 3
142 350 97 58 55
223 302 72 31 14
244 290 59 18 2
239 266 15 5 1
384 393 60 45 41
90 103 24 15 10
341 361 35 11 11
167 211 21 13 6
331 389 34 18 7
66 324 72 66 66
155 385 8 5 5
9 282 92 51 47
229 260 77 39 30
217 275 70 28 9
5 347 73 63 58
154 396 3 2 2
364 372 76 59 59
153 307 28 6 6
373 378 41 22 22
125 291 3 1 0
140 350 53 47 47
108 135 2 2 2
21 288 39 20 13
103 173 76 63 59
343 384 71 45 19
203 238 15 12 9
23 98 15 7 3
207 218 64 57 53
35 259 22 12 7
195 215 55 40 39
14 246 10 9 9
160 183 75 47 44
13 359 41 33 30
42 228 57 26 6
265 355 15 10 9
209 297 70 42 15
29 118 100 95 94
80 216 91 16 3
270 291 79 42 14
200 255 78 36 5
51 274 16 9 2
207 328 64 21 21
31 270 90 62 51
241 345 12 2 1
352 378 31 30 30
81 275 48 36 31
171 346 44 12 3
324 356 11 4 0
244 347 82 46 18
43 178 36 7 1
64 68 69 23 22
173 380 45 2 1
274 365 97 79 73
183 387 70 36 28
283 300 67 62 57
204 379 31 14 10
107 330 29 16 9
205 359 18 9 2
120 289 62 57 55
360 379 91 84 83
255 303 81 70 64
369 381 7 7 7
171 219 18 7 4
225 354 55 30 8
147 278 100 80 79
195 308 22 13 13
82 220 26 20 14
102 109 4 1 1
145 319 12 10 9
67 258 7 2 1
323 370 81 25 10
28 331 19 8 8
63 136 71 52 36
225 256 85 71 70
137 317 97 72 72
84 154 7 7 7
280 328 41 38 38
55 103 48 34 27
283 289 6 2 2
283 335 49 27 14
11 161 55 27 14
267 295 79 39 12
35 281 89 52 43
282 347 47 43 40
169 326 22 9 9
86 311 51 32 17
191 381 84 55 39
59 320 23 5 5
335 372 3 3 3
193 198 29 22 19
314 361 92 10 10
228 244 53 49 48
155 249 55 17 0
247 292 78 32 15
86 255 11 7 5
123 124 97 41 28
274 374 12 9 9
73 105 75 16 3
213 375 21 14 8
382 396 18 14 10
157 257 60 50 50
118 295 82 35 24
133 192 27 19 16
87 330 66 44 38
364 379 9 8 8
4 17 63 26 0
378 390 66 4 2
116 216 53 39 28
294 320 13 9 5
119 388 41 21 16
209 367 44 27 18
169 283 55 53 52
157 395 95 56 56
234 399 65 8 2
296 297 42 24 20
330 337 65 38 31
180 317 56 36 21
11 243 77 15 10
151 294 69 12 1
51 397 63 33 11
282 309 40 32 32
161 276 26 20 19
270 296 57 47 38
276 301 97 97 97
49 87 30 17 13
86 104 65 63 63
72 341 86 32 25
324 327 47 26 16
2 175 25 20 18
277 314 51 9 9
138 329 75 74 74
95 103 10 7 4
10 288 82 59 36
90 142 69 13 9
34 126 27 17 16
157 171 54 23 15
142 226 87 37 26
84 249 97 63 40
105 281 70 12 10
134 262 1 0 0
351 373 0 0 0
11 269 52 51 51
257 379 39 28 18
210 351 4 4 4
58 256 61 26 21
362 397 31 28 26
297 382 19 13 9
141 180 76 45 38
219 249 93 91 90
135 374 16 6 3
146 267 0 0 0
118 379 30 8 6
130 308 34 22 22
74 353 92 34 21
27 288 87 34 20
119 322 0 0 0
129 133 72 37 12
68 108 52 34 24
101 243 16 7 3
23 59 75 41 24
27 356 49 20 19
98 158 61 7 2
356 392 85 82 82
155 186 3 2 2
352 382 51 48 45
379 393 28 14 4
243 312 6 6 6
87 303 48 42 41
275 357 8 5 5
223 279 20 18 18
50 376 53 31 24
179 275 83 53 30
104 283 86 50 31
244 301 59 21 3
140 276 14 2 2
9 149 25 17 9
298 348 93 67 67
333 394 66 19 12
275 378 54 53 52
166 354 46 35 30
343 397 67 61 60
301 351 40 38 36
23 393 36 19 19
379 390 23 18 16
211 398 41 24 20
156 240 7 7 7
199 371 82 44 30
200 323 93 68 55
70 251 96 65 49
245 365 48 32 26
299 309 47 17 5
184 199 55 23 22
119 371 38 22 20
209 400 61 47 33
381 387 18 4 3
75 372 70 58 50
250 267 78 45 24
34 147 80 46 31
265 338 73 58 49
368 374 19 15 12
341 364 16 13 10
114 324 59 19 6
135 147 25 15 11
106 342 95 91 87
251 387 42 29 19
99 336 45 27 20
58 341 48 19 11
80 212 42 35 29
241 317 100 31 8
20 225 31 8 6
11 389 65 9 8
227 273 40 20 16
20 90 52 44 38
93 108 67 21 13
108 136 72 57 57
272 360 54 27 17
292 382 95 79 74
374 381 43 8 5
351 383 69 56 43
43 262 43 16 11
345 383 84 37 23
91 109 59 31 29
49 141 71 19 19
282 344 15 7 7
130 257 31 10 1
303 371 26 22 21
298 338 64 29 14
78 116 18 7 4
5 252 97 35 25
93 126 59 35 27
221 264 83 38 24
165 223 12 4 3
310 330 67 39 22
272 311 74 52 42
192 324 99 28 26
143 163 100 58 51
100 326 54 36 34
229 253 76 39 22
139 214 16 9 6
123 276 71 41 21
165 217 59 47 35
122 164 12 7 2
17 135 6 1 1
147 227 62 32 12
240 257 9 6 4
336 391 35 34 34
337 384 60 4 0
18 96 94 17 15
12 21 5 4 4
101 288 73 15 2
90 310 38 32 32
346 355 13 6 0
128 211 97 27 12
30 185 96 48 9
141 387 100 55 29
74 240 63 13 10
78 255 4 2 2
45 387 9 5 2
261 279 67 38 31
190 348 43 19 19
95 132 82 80 80
46 291 100 37 21
353 376 89 61 55
41 183 58 50 50
164 172 3 1 0
138 221 11 2 0
139 221 29 16 11
30 367 10 7 4
302 390 10 6 5
168 260 45 41 40
217 290 21 7 4
59 266 41 30 30
82 361 39 37 35
286 399 80 68 67
19 353 28 13 2
314 342 55 50 49
84 123 28 25 24
377 389 56 23 1
275 329 18 9 9
170 273 25 11 8
322 330 53 50 50
7 248 18 9 0
262 398 16 9 9
343 354 39 22 12
343 371 79 68 64
304 376 16 4 4
9 187 48 37 33
146 375 71 71 71
295 357 95 46 41
76 266 28 11 7
108 268 70 64 63
103 233 77 47 28
136 263 78 71 70
161 250 65 44 44
220 313 35 16 15
379 395 80 54 47
57 225 16 7 5
271 298 60 50 48
315 378 79 39 36
99 331 76 13 13
81 183 68 30 9
306 315 56 27 1
199 378 72 28 3
129 173 38 22 21
159 394 12 3 3
134 210 23 12 10
176 387 12 11 11
56 170 92 8 8
162 359 8 4 0
307 310 23 13 13
86 381 84 38 4
165 366 39 20 7
349 359 57 42 29
123 388 63 61 61
305 322 56 35 33
310 388 55 35 33
230 263 91 22 3
95 128 52 13 6
144 196 5 5 5
366 389 90 14 1
62 370 5 3 1
311 373 75 61 60
241 325 10 10 10
15 100 77 46 31
99 137 31 20 14
269 378 22 14 14
142 341 100 10 10
116 244 23 16 16
187 191 69 59 58
371 381 0 0 0
35 265 9 5 4
366 367 52 8 7
133 375 33 14 6
14 295 70 32 19
45 216 36 15 11
44 117 24 20 18
180 249 29 22 20
11 47 66 32 19
317 331 90 21 19
166 374 59 37 25
329 389 40 40 40
47 131 93 51 14
271 286 9 3 0
391 399 54 22 21
230 259 5 5 5
177 257 95 80 67
353 390 18 7 0
194 210 63 23 23
163 317 13 4 2
190 313 96 74 66
355 363 42 14 9
293 341 78 47 22
297 330 21 18 18
239 388 99 67 64
196 209 33 19 8
274 372 43 1 0
64 259 78 68 66
380 391 20 19 18
81 304 55 34 32
116 300 100 43 10
195 269 93 68 64
232 323 75 36 33
102 384 1 1 1
90 300 96 83 79
118 394 35 29 29
326 333 17 17 17
184 287 90 26 15
71 196 63 38 31
104 137 64 59 57
30 174 79 22 15
217 288 60 37 33
188 334 86 68 55
43 226 47 18 11
319 353 93 67 54
103 252 96 19 3
330 345 61 59 58
47 226 4 2 0
329 346 75 42 32
365 368 6 6 6
349 395 91 50 37
314 348 52 39 28
374 400 65 15 15
16 45 78 68 66
103 256 9 7 6
314 364 62 35 15
88 175 41 28 26
163 187 96 96 96
296 359 66 43 43
57 390 54 21 8
325 332 97 87 84
338 362 42 41 41
378 379 37 17 10
297 311 8 7 7
43 68 50 28 26
331 384 62 61 61
150 374 52 24 10
322 399 83 38 7
58 281 41 1 1
63 326 20 10 6
45 343 80 51 25
77 269 9 9 9
179 311 43 11 1
105 155 53 46 41
159 172 1 0 0
40 151 89 25 4
66 107 46 37 31
52 137 94 28 5
228 299 69 37 23
11 330 31 23 22
251 368 52 47 47
295 383 44 28 28
80 167 71 39 14
24 394 32 18 13
127 213 98 22 16
28 131 13 8 4
250 277 6 1 0
243 400 89 83 78
125 161 64 52 47
34 106 90 5 2
86 243 83 64 50
70 152 95 94 94
81 355 6 5 5
319 360 27 12 4
263 268 57 31 7
9 318 32 15 1
182 228 4 1 1
181 330 33 25 21
266 364 34 23 23
152 378 94 78 78
363 397 80 60 53
194 232 49 48 47
140 188 8 8 8
129 280 72 68 68
99 142 87 35 21
161 199 17 7 6
333 379 0 0 0
241 271 82 29 12
255 279 66 34 24
292 308 30 28 28
365 383 35 2 0
40 44 91 51 34
215 377 82 43 25
81 98 38 22 18
208 277 56 47 44
317 369 22 17 17
80 250 88 72 71
190 350 9 4 3
34 116 8 8 8
194 391 58 45 39
82 214 30 28 27
236 254 35 35 35
371 387 31 26 21
219 362 78 78 78
237 257 35 11 2
119 159 98 75 69
306 317 19 3 0
374 393 66 26 15
388 391 96 53 53
38 263 99 61 52
200 249 23 23 23
267 388 22 11 1
106 217 52 39 30
264 369 16 11 7
236 329 81 51 38
75 375 19 10 10
352 400 74 30 20
127 352 62 20 5
20 384 23 22 22
334 374 90 38 12
136 144 23 14 8
314 385 82 76 73
259 281 0 0 0
128 372 98 90 89
98 110 51 29 19
352 376 50 24 3
363 395 88 21 1
170 386 98 41 35
312 335 36 28 27
348 389 15 12 11
14 361 83 49 16
57 101 31 9 9
30 157 85 32 4
142 389 55 48 48
148 297 76 27 27
21 364 95 69 68
225 263 64 8 2
135 197 81 55 47
87 108 69 45 35
347 361 73 33 11
320 388 38 8 2
127 196 13 3 1
63 98 6 1 0
30 368 42 20 19
240 376 96 13 11
330 335 89 56 52
397 399 11 4 4
35 209 62 9 2
192 245 78 73 72
298 305 37 28 28
174 349 5 1 1
179 300 3 3 3
60 76 14 8 2
16 210 14 6 6
18 397 19 18 18
235 239 80 18 2
389 395 70 37 15
130 183 38 8 7
220 380 94 35 5
315 334 63 38 21
93 154 45 43 41
56 235 99 66 35
120 179 41 22 4
110 369 10 6 5
43 372 79 69 63
64 243 99 73 53
384 388 99 53 39
110 164 87 73 72
268 292 6 4 3
281 365 10 7 5
216 313 3 1 1
141 319 89 46 8
273 326 82 23 7
150 311 89 86 84
291 337 12 5 0
158 175 50 42 36
5 278 34 31 31
114 191 89 62 51
247 343 62 60 58
50 77 71 68 67
384 386 18 10 7
38 288 70 25 16
311 398 85 78 71
3 149 83 33 33
95 318 15 7 3
72 338 89 35 29
185 197 11 3 0
39 304 62 24 19
45 247 34 14 10
125 131 82 75 72
7 316 10 4 1
244 322 65 27 19
47 130 22 20 20
119 197 9 8 8
348 385 10 0 0
232 322 12 9 9
327 341 79 9 4
118 328 97 38 6
23 62 41 21 19
63 327 15 14 14
66 148 28 24 21
258 334 64 41 21
171 185 22 22 22
201 371 55 51 49
276 365 47 7 4
305 312 96 34 13
293 321 6 4 4
249 286 56 24 22
62 367 60 19 13
52 207 54 51 48
251 288 74 28 25
15 187 24 6 0
232 237 57 48 48
41 369 19 13 11
234 331 86 55 41
115 394 29 26 24
114 150 91 73 56
370 376 42 41 41
262 366 80 67 58
22 375 90 36 2
358 383 67 51 43
254 266 57 30 16
306 371 61 49 47
254 346 58 10 7
276 361 32 24 20
266 372 79 44 40
311 390 62 62 62
352 356 88 13 7
234 317 33 31 31
375 396 47 26 6
89 137 6 4 2
181 350 20 13 12
171 294 9 4 1
119 343 17 16 16
356 363 88 25 11
278 348 38 35 33
107 132 35 19 17
129 351 54 30 26
316 364 57 56 56
263 362 79 36 2
8 330 98 48 19
209 343 71 56 41
332 333 41 22 13
187 233 77 62 57
18 145 59 46 45
9 164 34 23 16
211 265 83 81 79
41 161 73 26 7
39 138 39 21 14
120 243 36 12 11
260 275 28 21 21
1 252 85 56 46
339 367 61 53 53
29 92 3 2 2
351 367 25 25 25
168 284 56 23 18
12 301 77 69 68
235 305 5 2 2
185 246 89 82 75
177 222 31 18 17
255 314 71 15 10
171 291 10 9 9
114 355 50 47 47
20 394 50 14 7
56 99 83 60 53
148 286 74 73 72
390 396 15 14 14
275 372 92 83 81
268 380 40 21 16
256 399 43 23 9
308 338 5 1 0
247 373 93 89 86
120 238 58 52 50
286 330 29 8 0
312 394 28 16 13
225 342 25 12 11
318 367 85 74 74
185 379 73 64 61
182 315 24 8 3
76 193 87 82 81
186 279 91 73 63
191 294 1 0 0
141 145 46 19 5
250 374 67 57 54
180 328 94 84 84
356 382 12 4 0
313 375 81 63 53
128 198 85 60 46
73 264 13 6 0
147 317 92 48 6
166 222 66 33 13
148 368 14 14 14
213 238 74 24 8
238 250 33 21 19
115 380 89 60 38
121 146 45 18 7
61 111 73 37 10
64 159 46 19 9
83 139 18 14 13
80 321 44 27 11
211 327 60 15 7
150 324 76 71 69
48 350 36 29 27
121 324 17 16 16
89 286 36 18 11
145 357 8 4 0
24 215 20 11 7
230 249 83 55 49
380 392 37 22 13
75 92 33 22 20
168 326 92 60 49
321 392 1 0 0
332 397 19 17 15
10 177 37 6 1
113 341 30 26 24
256 275 81 32 11
69 280 45 24 16
212 381 78 13 0
13 296 87 30 6
339 364 59 53 51
122 309 56 13 11
72 120 69 24 3
315 369 51 35 32
39 134 73 48 46
30 67 38 14 0
62 339 6 5 5
350 389 94 45 18
48 388 79 60 44
291 364 5 3 1
29 193 49 33 27
53 397 49 12 1
100 161 52 45 39
31 233 16 11 8
105 315 31 24 23
377 383 75 55 46
251 362 89 82 76
227 399 91 58 39
323 343 96 77 63
227 396 83 82 82
138 186 52 50 48
31 167 100 22 21
237 380 34 24 15
384 392 94 89 86
166 175 67 35 11
317 365 3 2 2
42 390 66 27 17
308 330 70 30 22
381 386 99 63 31
377 397 32 23 15
265 301 78 32 24
290 354 45 37 30
51 73 2 1 1
168 264 16 1 0
327 377 74 29 27
369 390 55 50 50
248 388 82 41 3
3 19 54 29 18
70 269 90 44 21
122 166 17 7 7
1 151
2 131
3 146
4 96
5 163
6 78
7 126
8 99
9 209
10 207
11 181
12 244
13 202
14 173
15 238
16 148
17 139
18 229
19 269
20 210
21 215
22 139
23 195
24 197
25 157
26 238
27 193
28 81
29 55
30 244
31 175
32 197
33 89
34 314
35 366
36 241
37 90
38 177
39 123
40 195
41 126
42 412
43 229
44 117
45 186
46 200
47 158
48 164
49 169
50 196
51 159
52 141
53 212
54 197
55 298
56 205
57 192
58 187
59 290
60 162
61 223
62 127
63 120
64 188
65 146
66 177
67 94
68 275
69 233
70 194
71 146
72 183
73 216
74 185
75 138
76 201
77 154
78 97
79 251
80 253
81 260
82 131
83 144
84 310
85 135
86 170
87 196
88 155
89 198
90 353
91 182
92 159
93 161
94 141
95 122
96 149
97 151
98 264
99 184
100 159
101 259
102 121
103 238
104 213
105 241
106 343
107 182
108 329
109 182
110 142
111 217
112 104
113 49
114 302
115 201
116 207
117 171
118 282
119 166
120 152
121 97
122 234
123 216
124 182
125 153
126 396
127 255
128 244
129 353
130 218
131 164
132 257
133 268
134 192
135 189
136 359
137 322
138 359
139 324
140 202
141 416
142 273
143 243
144 196
145 182
146 275
147 330
148 157
149 382
150 384
151 421
152 175
153 244
154 200
155 219
156 214
157 240
158 274
159 201
160 154
161 323
162 185
163 380
164 275
165 230
166 305
167 332
168 266
169 211
170 443
171 188
172 151
173 275
174 314
175 307
176 200
177 245
178 364
179 193
180 499
181 289
182 172
183 271
184 325
185 224
186 195
187 218
188 109
189 332
190 259
191 319
192 314
193 277
194 347
195 174
196 215
197 260
198 220
199 337
200 393
201 240
202 150
203 283
204 196
205 239
206 158
207 254
208 204
209 265
210 242
211 266
212 269
213 360
214 222
215 261
216 221
217 481
218 269
219 258
220 352
221 297
222 339
223 302
224 296
225 362
226 337
227 307
228 392
229 333
230 363
231 479
232 377
233 320
234 407
235 286
236 282
237 236
238 400
239 312
240 304
241 319
242 280
243 200
244 485
245 260
246 364
247 223
248 349
249 340
250 246
251 336
252 456
253 417
254 431
255 500
256 313
257 376
258 382
259 324
260 273
261 281
262 215
263 333
264 538
265 344
266 431
267 450
268 384
269 356
270 374
271 472
272 297
273 394
274 408
275 412
276 351
277 276
278 203
279 359
280 126
281 363
282 374
283 268
284 226
285 145
286 301
287 376
288 336
289 495
290 489
291 408
292 452
293 359
294 406
295 472
296 402
297 467
298 546
299 208
300 325
301 403
302 375
303 227
304 342
305 391
306 448
307 420
308 367
309 536
310 479
311 454
312 383
313 482
314 379
315 306
316 313
317 491
318 368
319 504
320 435
321 304
322 535
323 479
324 423
325 249
326 342
327 468
328 611
329 381
330 637
331 429
332 333
333 492
334 416
335 448
336 376
337 317
338 595
339 396
340 125
341 533
342 394
343 473
344 463
345 459
346 378
347 526
348 464
349 278
350 580
351 466
352 581
353 610
354 481
355 432
356 391
357 500
358 349
359 401
360 371
361 407
362 462
363 526
364 443
365 400
366 566
367 505
368 489
369 538
370 532
371 708
372 614
373 480
374 663
375 694
376 599
377 693
378 708
379 556
380 559
381 579
382 653
383 659
384 757
385 422
386 687
387 704
388 813
389 789
390 671
391 607
392 697
393 743
394 806
395 764
396 694
397 874
398 678
399 531
400 544
